[{"id": 0, "img_name": "0000.png", "width": 512, "height": 512, "position": [-6.638038230049498e-16, 13.957681179960552, -5.760245496578263e-07], "rotation": [[-1.0000000684570807, 2.9923544145766533e-15, 8.742278582883015e-08], [-8.742278582883016e-08, -3.4228542234509265e-08, -1.0000000342285382], [-2.9923544145766533e-15, -1.0000000342285422, -3.4228542234509265e-08]], "fy": 711.111111111111, "fx": 711.111111111111}, {"id": 1, "img_name": "0001.png", "width": 512, "height": 512, "position": [-2.970359896711281, 13.363735270711192, 2.7210935775751803], "rotation": [[-0.9761770836508514, -0.04229996289985528, 0.21281185056060797], [-0.21697504603147236, 0.19030885879332154, -0.9574467682805562], [-1.0600639452175932e-08, -0.980812519205333, -0.19495313053534052]], "fy": 711.111111111111, "fx": 711.111111111111}, {"id": 2, "img_name": "0002.png", "width": 512, "height": 512, "position": [0.4926130932192172, 12.76979506039462, -5.61307123369653], "rotation": [[-0.9992567452381981, -0.015501873139316842, -0.035293361701942555], [0.038547755460524274, -0.4018503504768681, -0.914893626049693], [-8.508645229919911e-08, -0.9155741195373386, 0.40214925508644483]], "fy": 711.111111111111, "fx": 711.111111111111}, {"id": 3, "img_name": "0003.png", "width": 512, "height": 512, "position": [4.151923435678354, 12.17584837708549, 5.415448258699167], "rotation": [[-0.9464848112498351, 0.12522324997198694, -0.2974651311190376], [0.32274814726844253, 0.36722719059578124, -0.8723404036672064], [-2.6382327065046267e-08, -0.9216633247026432, -0.38799048863411134]], "fy": 711.111111111111, "fx": 711.111111111111}, {"id": 4, "img_name": "0004.png", "width": 512, "height": 512, "position": [-7.670425679876626, 11.581905769973666, -1.3567904033893206], "rotation": [[-0.8337356888414512, 0.05367446343887826, 0.5495487816723748], [-0.5521637542097841, -0.08104537358327231, -0.8297872269662566], [5.919834364292572e-10, -0.9952641385451106, 0.09720750795283124]], "fy": 711.111111111111, "fx": 711.111111111111}, {"id": 5, "img_name": "0005.png", "width": 512, "height": 512, "position": [7.262254657064588, 10.987960615926633, -4.6196533175494245], "rotation": [[-0.834253170009698, -0.18249394326924792, -0.5203052226735208], [0.5513815050138163, -0.27611757365195005, -0.7872340584794769], [2.0014464719129843e-08, -0.9436392253247052, 0.33097580228255447]], "fy": 711.111111111111, "fx": 711.111111111111}, {"id": 6, "img_name": "0006.png", "width": 512, "height": 512, "position": [-2.418381606008695, 10.394017720324259, 8.99625978129433], "rotation": [[-0.9739838301108119, -0.14606354954062378, 0.17326527897913757], [-0.22661733694517866, 0.6277699055506369, -0.744680812801223], [-1.4603059696786926e-09, -0.7645720174411359, -0.6445382552124623]], "fy": 711.111111111111, "fx": 711.111111111111}, {"id": 7, "img_name": "0007.png", "width": 512, "height": 512, "position": [-4.580762188564602, 9.800073283690805, -8.81997897455803], "rotation": [[-0.9059209868970769, 0.2675797023034494, 0.3281892622994813], [-0.4234466778396932, -0.5724593216037779, -0.7021276044983364], [-8.634841876139344e-08, -0.7750428148736317, 0.6319087120251334]], "fy": 711.111111111111, "fx": 711.111111111111}, {"id": 8, "img_name": "0008.png", "width": 512, "height": 512, "position": [9.854550656831686, 9.206129293202968, 3.598866703363543], "rotation": [[-0.6826570004891284, 0.18841474031364236, -0.706030682422971], [0.7307389676827857, 0.17601720471549764, -0.6595744947763694], [-5.957783234437381e-09, -0.9661872689505637, -0.2578413769658633]], "fy": 711.111111111111, "fx": 711.111111111111}, {"id": 9, "img_name": "0009.png", "width": 512, "height": 512, "position": [-10.152962655314175, 8.612187219288781, 4.190994591613233], "rotation": [[-0.6468706206020999, -0.22898159631569068, 0.7274102588517896], [-0.7625996696393917, 0.19423234905518938, -0.6170214485397432], [-1.5239162176414696e-08, -0.9538559391443293, -0.30026443947352294]], "fy": 711.111111111111, "fx": 711.111111111111}, {"id": 10, "img_name": "0010.png", "width": 512, "height": 512, "position": [4.842329378123343, 8.018242289818835, -10.34777814011519], "rotation": [[-0.8560111613645554, -0.3832555292705034, -0.3469294365917196], [0.5169572851699226, -0.6346192721835279, -0.5744680100272394], [-7.063756422504662e-08, -0.6710987472186932, 0.7413679677113983]], "fy": 711.111111111111, "fx": 711.111111111111}, {"id": 11, "img_name": "0011.png", "width": 512, "height": 512, "position": [3.537335771499101, 7.424298451641848, 11.277584829390648], "rotation": [[-0.9027681940293878, 0.34753608439076283, -0.25343288413309867], [0.43012737266266043, 0.7294223329766882, -0.5319149358813551], [-3.052127146886e-08, -0.5892043158138658, -0.8079840621213046]], "fy": 711.111111111111, "fx": 711.111111111111}, {"id": 12, "img_name": "0012.png", "width": 512, "height": 512, "position": [-10.531548540278834, 6.830354336847344, -6.1032473429843215], "rotation": [[-0.5441396762220191, 0.36686559188131446, 0.7545341171883453], [-0.8389946939686896, -0.23793501264331532, -0.48936172754965673], [8.443032155613705e-08, -0.8993312150657136, 0.4372681055465415]], "fy": 711.111111111111, "fx": 711.111111111111}, {"id": 13, "img_name": "0013.png", "width": 512, "height": 512, "position": [12.195706881687807, 6.236410455109998, -2.6811919741488506], "rotation": [[-0.4552873941786801, -0.1710301191845931, -0.8737631486359757], [0.8903445072456783, -0.08745808470915865, -0.44680835559178167], [2.069499424127846e-08, -0.9813764550573271, 0.19209431876207322]], "fy": 711.111111111111, "fx": 711.111111111111}, {"id": 14, "img_name": "0014.png", "width": 512, "height": 512, "position": [-7.342298148480738, 5.64246725653382, 10.443663887832722], "rotation": [[-0.609340725600031, -0.593284035737023, 0.526039935337087], [-0.7929085449343166, 0.45593165844273115, -0.40425535174680266], [-2.6729853641356517e-08, -0.6634307823619411, -0.7482377192225369]], "fy": 711.111111111111, "fx": 711.111111111111}, {"id": 15, "img_name": "0015.png", "width": 512, "height": 512, "position": [-1.6722661267410646, 5.048523821157417, -12.90476125914464], "rotation": [[-0.9492781292131051, 0.29071741827111985, 0.11980962632708966], [-0.3144375356837299, -0.8776676695220705, -0.3617021302579198], [-7.182952011665728e-08, -0.3810285784475344, 0.924563258903706]], "fy": 711.111111111111, "fx": 711.111111111111}, {"id": 16, "img_name": "0016.png", "width": 512, "height": 512, "position": [10.114591856237618, 4.454579117519895, 8.524590865817723], "rotation": [[-0.40305381214167674, 0.558939754974246, -0.7246612493013112], [0.9151762540241108, 0.2461633678868689, -0.31914885911632324], [5.6042639013262744e-08, -0.791826951116331, -0.6107454655622844]], "fy": 711.111111111111, "fx": 711.111111111111}, {"id": 17, "img_name": "0017.png", "width": 512, "height": 512, "position": [-13.401684741839093, 3.8606346762308306, 0.5542017634282216], "rotation": [[-0.27681402807271815, -0.038154315757235074, 0.9601656371516499], [-0.9609234114005688, 0.010991043940745822, -0.2765958174089964], [1.7336929160521324e-07, -0.9992113374932027, -0.039705758558390584]], "fy": 711.111111111111, "fx": 711.111111111111}, {"id": 18, "img_name": "0018.png", "width": 512, "height": 512, "position": [9.618832457629578, 3.266691974777674, -9.572023565201434], "rotation": [[-0.3215751304676141, -0.6493627786228335, -0.6891425051913347], [0.9468840534733679, -0.22053273024237977, -0.23404247759503963], [-1.108010781347689e-08, -0.72780029800778, 0.6857891223525774]], "fy": 711.111111111111, "fx": 711.111111111111}, {"id": 19, "img_name": "0019.png", "width": 512, "height": 512, "position": [-0.6327946549567081, 2.6727471885658813, 13.684767200206844], "rotation": [[-0.9730985870401231, -0.22588412976770866, 0.04533664612314343], [-0.23038891371463638, 0.9540716819155474, -0.1914893525707488], [-3.4390049163770745e-09, -0.1967830877633026, -0.9804470040259377]], "fy": 711.111111111111, "fx": 711.111111111111}, {"id": 20, "img_name": "0020.png", "width": 512, "height": 512, "position": [-8.843073528396847, 2.0788033857051857, -10.596956281462568], "rotation": [[-0.22883908413433932, 0.7390740647975087, 0.6335631979819129], [-0.9734643286188658, -0.173739310565386, -0.1489361365266841], [-3.495896122381323e-08, -0.6508335413917774, 0.7592204725862364]], "fy": 711.111111111111, "fx": 711.111111111111}, {"id": 21, "img_name": "0021.png", "width": 512, "height": 512, "position": [13.754530472873707, 1.4848593456968608, 1.8506525050926672], "rotation": [[-0.10733063267989612, 0.13182442428781319, -0.9854453253525671], [0.9942233994923074, 0.014230981541074099, -0.10638298864973961], [-7.39887750738504e-09, -0.9911709386040721, -0.13259036173364694]], "fy": 711.111111111111, "fx": 711.111111111111}, {"id": 22, "img_name": "0022.png", "width": 512, "height": 512, "position": [-11.433915803408777, 0.890915911237689, 7.955421023704411], "rotation": [[-0.07768327887588776, -0.5682447584116154, 0.8191844918429565], [-0.996978102637302, 0.04427694037500456, -0.06382978216408003], [-5.47610862173571e-08, -0.8216674952601654, -0.5699671652075671]], "fy": 711.111111111111, "fx": 711.111111111111}, {"id": 23, "img_name": "0023.png", "width": 512, "height": 512, "position": [3.062757978969494, 0.2969720899727255, -13.614264482998454], "rotation": [[-0.0965097093042647, -0.9708426203788723, -0.21943169508080468], [0.9953319357632158, -0.09413516745074056, -0.02127662336238892], [-7.961103297798283e-09, -0.22046079812007427, 0.9753958333405096]], "fy": 711.111111111111, "fx": 711.111111111111}, {"id": 24, "img_name": "0024.png", "width": 512, "height": 512, "position": [6.937920444562928, -0.2969716802195254, 12.107596960731458], "rotation": [[0.042764969022825866, 0.8666569149466549, -0.4970683172119998], [0.9990851416174811, -0.03709645304452659, 0.021276574947490523], [9.650588352066967e-09, -0.4975234714236759, -0.8674504728015656]], "fy": 711.111111111111, "fx": 711.111111111111}, {"id": 25, "img_name": "0025.png", "width": 512, "height": 512, "position": [-13.27026507076195, -0.8909153438142756, -4.233577722898722], "rotation": [[0.06698521519766683, 0.30263403656162224, 0.9507500124313762], [-0.9977539507432897, 0.020317627291413197, 0.06382954911046092], [2.7389858109165484e-08, -0.9528902336984603, 0.30331530887142627]], "fy": 711.111111111111, "fx": 711.111111111111}, {"id": 26, "img_name": "0026.png", "width": 512, "height": 512, "position": [12.598756206713057, -1.4848592909756824, -5.820944305435942], "rotation": [[0.11704752115128665, -0.4141756893076602, -0.9026395871796384], [0.9931262386813129, 0.048813724479850815, 0.10638294401076939], [-1.0666329819168761e-07, -0.9088869869902502, 0.41704237750222944]], "fy": 711.111111111111, "fx": 711.111111111111}, {"id": 27, "img_name": "0027.png", "width": 512, "height": 512, "position": [-5.328418299888669, -2.078804162322767, 12.731982676637646], "rotation": [[0.3634544289401131, -0.8498021880900749, 0.38175531463995044], [-0.9316119788509181, -0.3315375441206758, 0.1489361605056664], [-5.592897540002915e-08, -0.40977933105759984, -0.9121846868953323]], "fy": 711.111111111111, "fx": 711.111111111111}, {"id": 28, "img_name": "0028.png", "width": 512, "height": 512, "position": [-4.636589587668076, -2.6727469397225767, -12.890900258079693], "rotation": [[0.49941271327450404, 0.800148267230376, 0.3321891448565031], [-0.8663641714153844, 0.4612427590886968, 0.19148934817628815], [5.376060764362841e-08, -0.38342900050135953, 0.9235703501932346]], "fy": 711.111111111111, "fx": 711.111111111111}, {"id": 29, "img_name": "0029.png", "width": 512, "height": 512, "position": [12.012042400580018, -3.2666911176778233, 6.313192675864154], "rotation": [[0.2624204695146115, 0.4364577610162982, -0.8606044852678532], [0.964953603659008, -0.11869527863855948, 0.2340425452747808], [-2.7198898289997408e-08, -0.8918609718234359, -0.4523095491428317]], "fy": 711.111111111111, "fx": 711.111111111111}, {"id": 30, "img_name": "0030.png", "width": 512, "height": 512, "position": [-12.970105481580577, -3.860634044847422, 3.4188766784796423], "rotation": [[0.28528642282328615, -0.23476658185146979, 0.9292449765216114], [-0.9584422644817328, -0.06987972860669632, 0.27659559925358546], [3.7078408630260124e-08, -0.9695366686810245, -0.24494592094974033]], "fy": 711.111111111111, "fx": 711.111111111111}, {"id": 31, "img_name": "0031.png", "width": 512, "height": 512, "position": [7.154070701164789, -4.454579695346718, -11.126224471270415], "rotation": [[0.5285720346779128, -0.6766828811200924, -0.5125542918456167], [0.8488884636336783, 0.4213459112194528, 0.31914890472188756], [6.54125993948638e-08, -0.6037946053705167, 0.7971399393651566]], "fy": 711.111111111111, "fx": 711.111111111111}, {"id": 32, "img_name": "0032.png", "width": 512, "height": 512, "position": [2.2040336302205032, -5.048521378986481, 12.824642359566944], "rotation": [[0.9164699985174423, 0.3676243835983269, -0.15790834516741234], [0.40010340274679, -0.8420740320678767, 0.36170208009116106], [-2.1111348112538903e-08, -0.39466877279027657, -0.9188233533688378]], "fy": 711.111111111111, "fx": 711.111111111111}, {"id": 33, "img_name": "0033.png", "width": 512, "height": 512, "position": [-10.09336332910586, -5.642465950471601, -7.81686781473585], "rotation": [[0.48795695174901477, 0.48884141325342456, 0.723140448617093], [-0.8728677080392702, 0.2732758089666794, 0.40425527631234726], [-8.639119667631709e-08, -0.8284651090133462, 0.5600406971624821]], "fy": 711.111111111111, "fx": 711.111111111111}, {"id": 34, "img_name": "0034.png", "width": 512, "height": 512, "position": [12.444321824428844, -6.236412589574226, -1.0309885190762904], "rotation": [[0.44803247457256545, -0.06603678878516504, -0.8915750719778965], [0.8940173188733095, 0.033094148598750074, 0.44680859912364984], [1.6509892178932416e-07, -0.9972682854794904, 0.07386525139858999]], "fy": 711.111111111111, "fx": 711.111111111111}, {"id": 35, "img_name": "0035.png", "width": 512, "height": 512, "position": [-8.265910352972531, -6.8303560083139825, 8.935205352816935], "rotation": [[0.6369919504701468, -0.49348340545110464, 0.5922123315759856], [-0.7708704930961389, -0.40777933608365163, 0.48936176467714276], [-9.386767039803726e-09, -0.7682384931768208, -0.6401639619193237]], "fy": 711.111111111111, "fx": 711.111111111111}, {"id": 36, "img_name": "0036.png", "width": 512, "height": 512, "position": [0.05765799586464405, -7.424298449774086, -11.819193798606062], "rotation": [[0.9999698450528781, -0.006576057290274541, -0.004130914204220943], [0.007765885760659064, 0.8467622482097146, 0.5319148140258944], [-3.1620639452098147e-10, -0.5319308543714723, 0.8467877830515912]], "fy": 711.111111111111, "fx": 711.111111111111}, {"id": 37, "img_name": "0037.png", "width": 512, "height": 512, "position": [7.676112731254926, -8.018242776898761, 8.461793169622688], "rotation": [[0.7223497986716593, 0.4192362748361842, -0.5499561157605024], [0.6915278616230135, -0.4379220590661618, 0.5744680710733635], [-4.558361978152739e-08, -0.7952768662202668, -0.6062464788139839]], "fy": 711.111111111111, "fx": 711.111111111111}, {"id": 38, "img_name": "0038.png", "width": 512, "height": 512, "position": [-10.93707542073236, -8.61218545077606, -1.0136458070005714], "rotation": [[0.6186548762269743, 0.05705699201074962, 0.7835882914557224], [-0.7856628480740376, 0.0449283725766464, 0.6170212696113124], [6.513402987249099e-08, -0.9973594425578222, 0.0726227334679015]], "fy": 711.111111111111, "fx": 711.111111111111}, {"id": 39, "img_name": "0039.png", "width": 512, "height": 512, "position": [8.356818185493497, -9.206129865689745, -6.342525825836718], "rotation": [[0.7404360055606922, -0.30542190630404076, -0.5987252842539], [0.6721268532466966, 0.3364624064714981, 0.6595744873069438], [3.560716774264054e-08, -0.8907920466142085, 0.4544111558386728]], "fy": 711.111111111111, "fx": 711.111111111111}, {"id": 40, "img_name": "0040.png", "width": 512, "height": 512, "position": [-1.7788431276193917, -9.80007450084228, 9.778094550485761], "rotation": [[0.9839226798929476, -0.12511522857439766, 0.12744544248763848], [-0.17859496418458604, -0.6892899487984153, 0.7021277202362363], [-1.2592902496667244e-08, -0.713600501916166, -0.7005529635968294]], "fy": 711.111111111111, "fx": 711.111111111111}, {"id": 41, "img_name": "0041.png", "width": 512, "height": 512, "position": [-4.961565739799375, -10.394018623210979, -7.884422600144634], "rotation": [[0.9024545542702134, 0.24334209059616183, 0.35547208711967204], [-0.43078507144157896, 0.5097790036085932, 0.7446808653446466], [-8.329189567137675e-09, -0.8251727067297289, 0.5648805231254039]], "fy": 711.111111111111, "fx": 711.111111111111}, {"id": 42, "img_name": "0042.png", "width": 512, "height": 512, "position": [8.300972797069065, -10.987961671680742, 2.274952096381366], "rotation": [[0.7979038121108808, 0.09824735777020359, -0.5947242607141712], [0.6027847788314198, -0.13004957560421584, 0.7872340967459333], [7.189559669240279e-09, -0.9866278271777066, -0.16298905683594525]], "fy": 711.111111111111, "fx": 711.111111111111}, {"id": 43, "img_name": "0043.png", "width": 512, "height": 512, "position": [-6.930211671039527, -11.58190523861994, 3.556469607271674], "rotation": [[0.85811111735594, -0.13083256780158103, 0.4965160044241684], [-0.5134640235176116, -0.2186498365341314, 0.8297872540196584], [-4.203010054769894e-08, -0.9669927763860617, -0.2548036696662101]], "fy": 711.111111111111, "fx": 711.111111111111}, {"id": 44, "img_name": "0044.png", "width": 512, "height": 512, "position": [2.3721008436932327, -12.175848921119067, -6.398333859074055], "rotation": [[0.9815462258491192, -0.08765936301615117, -0.16994952181369785], [0.1912250085347144, 0.44995008091318195, 0.8723404394718594], [-1.8286910345787454e-08, -0.8887410659481539, 0.45840946810119854]], "fy": 711.111111111111, "fx": 711.111111111111}, {"id": 45, "img_name": "0045.png", "width": 512, "height": 512, "position": [2.1245021999582487, -12.769794224030315, 5.218786160958915], "rotation": [[0.9864414450111952, 0.0613621938592598, -0.15221023956457855], [0.16411360657644317, -0.368831090311341, 0.9148936447330529], [1.4253567670031383e-08, -0.9274687801760424, -0.3739006447271564]], "fy": 711.111111111111, "fx": 711.111111111111}, {"id": 46, "img_name": "0046.png", "width": 512, "height": 512, "position": [-3.640218230722283, -13.363737713654379, -1.72516691165429], "rotation": [[0.9648450983267083, 0.03248440036161914, 0.26080394855039235], [-0.26281920752930044, 0.11925461597273647, 0.9574468084375698], [1.216312657557924e-08, -0.9923321473008744, 0.12359975625254667]], "fy": 711.111111111111, "fx": 711.111111111111}, {"id": 47, "img_name": "0047.png", "width": 512, "height": 512, "position": [0.0, -13.957681179960494, -1.5315267028240129e-06], "rotation": [[1.0, 0.0, 0.0], [0.0, 3.422854412188872e-08, 1.0000000342285418], [-0.0, -1.0000000342285418, 3.422854412188871e-08]], "fy": 711.111111111111, "fx": 711.111111111111}]