[{"id": 0, "img_name": "0000.png", "width": 512, "height": 512, "position": [-4.851881016399904e-15, 13.740611546676083, -5.670662272532685e-07], "rotation": [[-1.0000000684570807, 2.9923544145766533e-15, 8.742278582883015e-08], [-8.742278582883016e-08, -3.4228542234509265e-08, -1.0000000342285382], [-2.9923544145766533e-15, -1.0000000342285422, -3.4228542234509265e-08]], "fy": 711.111111111111, "fx": 711.111111111111}, {"id": 1, "img_name": "0001.png", "width": 512, "height": 512, "position": [-2.9241654807015967, 13.155904444002427, 2.6787754982212926], "rotation": [[-0.9761770804937211, -0.042299932728816554, 0.21281186355002804], [-0.21697505288971894, 0.1903088626010368, -0.9574467652874376], [-4.2725101563365944e-08, -0.9808125191018984, -0.19495312611213267]], "fy": 711.111111111111, "fx": 711.111111111111}, {"id": 2, "img_name": "0002.png", "width": 512, "height": 512, "position": [0.48495188634412006, 12.571196350671066, -5.5257784378911134], "rotation": [[-0.999256675942566, -0.01550187133525398, -0.03529336048320712], [0.03854775361916437, -0.40185045299175853, -0.9148935279755102], [-9.26092965415548e-08, -0.9155740214890682, 0.40214942677070753]], "fy": 711.111111111111, "fx": 711.111111111111}, {"id": 3, "img_name": "0003.png", "width": 512, "height": 512, "position": [4.087352511072543, 11.986490145901174, 5.331226948425875], "rotation": [[-0.9464848319641427, 0.12522323387520745, -0.2974651073834715], [0.3227481191468428, 0.36722719198422094, -0.8723404174110726], [-2.0755690172380662e-08, -0.9216633300503954, -0.38799049528262697]], "fy": 711.111111111111, "fx": 711.111111111111}, {"id": 4, "img_name": "0004.png", "width": 512, "height": 512, "position": [-7.551135538614818, 11.401783975896066, -1.3356894055347808], "rotation": [[-0.8337356715706887, 0.053674400312189216, 0.5495487967491833], [-0.5521637630788025, -0.08104538649425223, -0.8297872130526727], [6.488529205270818e-08, -0.9952641352697243, 0.09720749336300351]], "fy": 711.111111111111, "fx": 711.111111111111}, {"id": 5, "img_name": "0005.png", "width": 512, "height": 512, "position": [7.149312358827955, 10.817077326580092, -4.5478095204421285], "rotation": [[-0.8342531388934404, -0.18249378414181283, -0.5203051521326729], [0.5513813857813844, -0.2761174700541781, -0.7872340972858263], [-5.080619514261244e-08, -0.9436392188041098, 0.33097571981725066]], "fy": 711.111111111111, "fx": 711.111111111111}, {"id": 6, "img_name": "0006.png", "width": 512, "height": 512, "position": [-2.3807713220853612, 10.23237100321498, 8.856349475755971], "rotation": [[-0.97398393353593, -0.14606355346433017, 0.17326532732245922], [-0.22661737643611124, 0.6277697614370452, -0.744680950046153], [6.502064351427201e-09, -0.7645721620709193, -0.6445382254210562]], "fy": 711.111111111111, "fx": 711.111111111111}, {"id": 7, "img_name": "0007.png", "width": 512, "height": 512, "position": [-4.509522291382435, 9.647663368667107, -8.682810162626383], "rotation": [[-0.9059210408417803, 0.2675795266657315, 0.32818934561252494], [-0.42344663142387123, -0.5724593938399033, -0.7021276079249358], [1.0242457367994447e-07, -0.7750428532564888, 0.631908673877135]], "fy": 711.111111111111, "fx": 711.111111111111}, {"id": 8, "img_name": "0008.png", "width": 512, "height": 512, "position": [9.701295029188435, 9.062956495084109, 3.542897331834294], "rotation": [[-0.6826570349221032, 0.18841467787052968, -0.706030693433533], [0.730738962220633, 0.17601722551198515, -0.6595745097662674], [5.721293531920163e-08, -0.9661872872293674, -0.2578413650476211]], "fy": 711.111111111111, "fx": 711.111111111111}, {"id": 9, "img_name": "0009.png", "width": 512, "height": 512, "position": [-9.995066010812852, 8.478249580181863, 4.125816862673668], "rotation": [[-0.6468704351937845, -0.22898160251208843, 0.7274105499919843], [-0.762599949205771, 0.19423210751336345, -0.6170212530010846], [2.1767458120016673e-08, -0.9538560346795889, -0.3002643812146928]], "fy": 711.111111111111, "fx": 711.111111111111}, {"id": 10, "img_name": "0010.png", "width": 512, "height": 512, "position": [4.767021672088301, 7.893542651102427, -10.186849672743575], "rotation": [[-0.8560111613645554, -0.3832555292705034, -0.3469294365917196], [0.5169572851699226, -0.6346192721835279, -0.5744680100272394], [-7.063756422504662e-08, -0.6710987472186932, 0.7413679677113983]], "fy": 711.111111111111, "fx": 711.111111111111}, {"id": 11, "img_name": "0011.png", "width": 512, "height": 512, "position": [3.482323257011827, 7.308835726873691, 11.102194896606493], "rotation": [[-0.9027681901913833, 0.34753607927032565, -0.25343289718302353], [0.43012737621450087, 0.7294223335224607, -0.5319149317429115], [-1.6960156332614676e-08, -0.5892043176909406, -0.8079840584744856]], "fy": 711.111111111111, "fx": 711.111111111111}, {"id": 12, "img_name": "0012.png", "width": 512, "height": 512, "position": [-10.367761893260598, 6.724128561234929, -6.008330312051016], "rotation": [[-0.5441396762220191, 0.36686559188131446, 0.7545341171883453], [-0.8389946939686896, -0.23793501264331532, -0.48936172754965673], [8.443032155613705e-08, -0.8993312150657136, 0.4372681055465415]], "fy": 711.111111111111, "fx": 711.111111111111}, {"id": 13, "img_name": "0013.png", "width": 512, "height": 512, "position": [12.006039654982752, 6.139421492990901, -2.6394941855101144], "rotation": [[-0.4552873941786801, -0.1710301191845931, -0.8737631486359757], [0.8903445072456783, -0.08745808470915865, -0.44680835559178167], [2.069499424127846e-08, -0.9813764550573271, 0.19209431876207322]], "fy": 711.111111111111, "fx": 711.111111111111}, {"id": 14, "img_name": "0014.png", "width": 512, "height": 512, "position": [-7.228111740630452, 5.5547169343715534, 10.281243614030986], "rotation": [[-0.6093407464414794, -0.5932839408701506, 0.52603996316896], [-0.7929084924158757, 0.4559316504276116, -0.4042554395922801], [-1.1975712615492989e-08, -0.6634308579578947, -0.7482376101750734]], "fy": 711.111111111111, "fx": 711.111111111111}, {"id": 15, "img_name": "0015.png", "width": 512, "height": 512, "position": [-1.6462591693620647, 4.970008814358453, -12.704064889622819], "rotation": [[-0.9492783179488244, 0.2907175283637401, 0.11980965475068919], [-0.31443764830152027, -0.8776678311421918, -0.3617022116263995], [-1.0418385053619426e-07, -0.3810286646262945, 0.92456323236945]], "fy": 711.111111111111, "fx": 711.111111111111}, {"id": 16, "img_name": "0016.png", "width": 512, "height": 512, "position": [9.957288837316925, 4.385301647340541, 8.392014420503461], "rotation": [[-0.40305383719685595, 0.5589397577943479, -0.7246612183626302], [0.9151762312483946, 0.24616333404301388, -0.3191489324416419], [-2.35329065052569e-08, -0.7918269523560377, -0.6107454437570707]], "fy": 711.111111111111, "fx": 711.111111111111}, {"id": 17, "img_name": "0017.png", "width": 512, "height": 512, "position": [-13.19326286190955, 3.800594390006937, 0.5455828830183985], "rotation": [[-0.27681402807271815, -0.038154315757235074, 0.9601656371516499], [-0.9609234114005688, 0.010991043940745822, -0.2765958174089964], [1.7336929160521324e-07, -0.9992113374932027, -0.039705758558390584]], "fy": 711.111111111111, "fx": 711.111111111111}, {"id": 18, "img_name": "0018.png", "width": 512, "height": 512, "position": [9.469241045164049, 3.215887756875209, -9.423160857498239], "rotation": [[-0.32157505542447695, -0.6493626985354471, -0.6891426598530866], [0.9468841111131949, -0.2205326314263954, -0.23404245765144327], [7.092100797728273e-09, -0.7278004380411672, 0.6857889842961161]], "fy": 711.111111111111, "fx": 711.111111111111}, {"id": 19, "img_name": "0019.png", "width": 512, "height": 512, "position": [-0.6229533650997806, 2.631180740680771, 13.471939986849199], "rotation": [[-0.9730985909781142, -0.22588411498335495, 0.04533664641429537], [-0.2303888992766543, 0.9540716824046085, -0.19148936756647966], [-3.1943257760398553e-09, -0.196783102422706, -0.9804470016013943]], "fy": 711.111111111111, "fx": 711.111111111111}, {"id": 20, "img_name": "0020.png", "width": 512, "height": 512, "position": [-8.705547015454549, 2.046473813653582, -10.432153138796586], "rotation": [[-0.22883907905800777, 0.7390740426427372, 0.6335632132058198], [-0.9734643217067391, -0.17373931855866376, -0.14893612177798504], [-8.981591195102217e-09, -0.6508335528366296, 0.7592204607389037]], "fy": 711.111111111111, "fx": 711.111111111111}, {"id": 21, "img_name": "0021.png", "width": 512, "height": 512, "position": [13.54062211706901, 1.461766911637036, 1.82187142094573], "rotation": [[-0.10733063267989612, 0.13182442428781319, -0.9854453253525671], [0.9942233994923074, 0.014230981541074099, -0.10638298864973961], [-7.39887750738504e-09, -0.9911709386040721, -0.13259036173364694]], "fy": 711.111111111111, "fx": 711.111111111111}, {"id": 22, "img_name": "0022.png", "width": 512, "height": 512, "position": [-11.256097484572928, 0.8770593051324514, 7.831698567580675], "rotation": [[-0.07768323540465137, -0.5682447861807519, 0.8191845053919086], [-0.9969781295975156, 0.044276988110683875, -0.06382965447696538], [-1.831148687273539e-07, -0.8216674988490181, -0.569967220102806]], "fy": 711.111111111111, "fx": 711.111111111111}, {"id": 23, "img_name": "0023.png", "width": 512, "height": 512, "position": [3.015125959717833, 0.2923535790961823, -13.402534710568046], "rotation": [[-0.096509709042078, -0.9708426167388328, -0.21943170574995344], [0.9953319345648657, -0.09413516941082563, -0.021276613624995534], [-1.9170232643633407e-08, -0.22046080779966568, 0.9753958311246885]], "fy": 711.111111111111, "fx": 711.111111111111}, {"id": 24, "img_name": "0024.png", "width": 512, "height": 512, "position": [6.830022280606776, -0.2923522935808353, 11.919300634527188], "rotation": [[0.04276494580806176, 0.8666569017685903, -0.4970683328578313], [0.9990851379703268, -0.03709647553910225, 0.021276470885817897], [-9.498497778144007e-08, -0.49752348260500207, -0.8674504559609404]], "fy": 711.111111111111, "fx": 711.111111111111}, {"id": 25, "img_name": "0025.png", "width": 512, "height": 512, "position": [-13.063885294501544, -0.8770597132596871, -4.167736666345494], "rotation": [[0.06698521519766683, 0.30263403656162224, 0.9507500124313762], [-0.9977539507432897, 0.020317627291413197, 0.06382954911046092], [2.7389858109165484e-08, -0.9528902336984603, 0.30331530887142627]], "fy": 711.111111111111, "fx": 711.111111111111}, {"id": 26, "img_name": "0026.png", "width": 512, "height": 512, "position": [12.40282226456126, -1.4617663831266559, -5.730417284167959], "rotation": [[0.11704744978853768, -0.4141757426729965, -0.9026396479116107], [0.9931263161354272, 0.048813741768663425, 0.10638290737121045], [-8.497358467743812e-09, -0.9088870430162088, 0.4170423639554768]], "fy": 711.111111111111, "fx": 711.111111111111}, {"id": 27, "img_name": "0027.png", "width": 512, "height": 512, "position": [-5.245549357375158, -2.046473150117316, 12.533972074430821], "rotation": [[0.36345454271530925, -0.8498021026936174, 0.38175523300177944], [-0.9316118674999457, -0.3315374947614025, 0.14893609070920888], [7.606955726030372e-09, -0.4097792296346711, -0.9121845270153253]], "fy": 711.111111111111, "fx": 711.111111111111}, {"id": 28, "img_name": "0028.png", "width": 512, "height": 512, "position": [-4.564481849126491, -2.63118071647177, -12.690423136913664], "rotation": [[0.4994129226884133, 0.8001481994395542, 0.3321891287304039], [-0.8663641026225771, 0.4612429874537759, 0.19148936218384838], [-4.628641963756014e-08, -0.3834289935258415, 0.9235703605257758]], "fy": 711.111111111111, "fx": 711.111111111111}, {"id": 29, "img_name": "0029.png", "width": 512, "height": 512, "position": [11.825233170382544, -3.215888222040445, 6.215012287924579], "rotation": [[0.2624203038613841, 0.43645780084313385, -0.8606045531186823], [0.9649536821865737, -0.11869518134091434, 0.23404248020187685], [6.709487406972423e-08, -0.8918610202198819, -0.45230959434567825]], "fy": 711.111111111111, "fx": 711.111111111111}, {"id": 30, "img_name": "0030.png", "width": 512, "height": 512, "position": [-12.76839517599268, -3.800595038457974, 3.3657084245578246], "rotation": [[0.2852864583617211, -0.2347665306036142, 0.9292450001802348], [-0.9584422748666823, -0.06987975957156665, 0.2765956641831542], [4.031435145508861e-08, -0.9695367098799732, -0.24494590075749362]], "fy": 711.111111111111, "fx": 711.111111111111}, {"id": 31, "img_name": "0031.png", "width": 512, "height": 512, "position": [7.042810445131435, -4.38530165499005, -10.953188810586347], "rotation": [[0.5285720455171172, -0.6766828941183992, -0.5125542677454884], [0.8488884594436215, 0.42134591321149933, 0.319148921591982], [4.307696537970164e-08, -0.6037945938292567, 0.7971399492798023]], "fy": 711.111111111111, "fx": 711.111111111111}, {"id": 32, "img_name": "0032.png", "width": 512, "height": 512, "position": [2.1697568608265616, -4.97000798889241, 12.625195294161752], "rotation": [[0.9164699990836986, 0.36762438526571717, -0.1579083381614068], [0.4001034015137755, -0.8420740324965941, 0.36170208201924936], [-1.3919119521284216e-08, -0.39466877175418486, -0.9188233544544965]], "fy": 711.111111111111, "fx": 711.111111111111}, {"id": 33, "img_name": "0033.png", "width": 512, "height": 512, "position": [-9.936391999360769, -5.554715272764963, -7.695300427854083], "rotation": [[0.48795695174901477, 0.48884141325342456, 0.723140448617093], [-0.8728677080392702, 0.2732758089666794, 0.40425527631234726], [-8.639119667631709e-08, -0.8284651090133462, 0.5600406971624821]], "fy": 711.111111111111, "fx": 711.111111111111}, {"id": 34, "img_name": "0034.png", "width": 512, "height": 512, "position": [12.250787111263872, -6.139423585822652, -1.0149545063220746], "rotation": [[0.44803247457256545, -0.06603678878516504, -0.8915750719778965], [0.8940173188733095, 0.033094148598750074, 0.44680859912364984], [1.6509892178932416e-07, -0.9972682854794904, 0.07386525139858999]], "fy": 711.111111111111, "fx": 711.111111111111}, {"id": 35, "img_name": "0035.png", "width": 512, "height": 512, "position": [-8.137357823891055, -6.724129157035914, 8.79624505118232], "rotation": [[0.6369920048038731, -0.49348345826864537, 0.5922121898777365], [-0.7708704180499895, -0.4077793827065313, 0.48936165986582486], [2.4232979491049523e-08, -0.7682383171818618, -0.640164009092497]], "fy": 711.111111111111, "fx": 711.111111111111}, {"id": 36, "img_name": "0036.png", "width": 512, "height": 512, "position": [0.05676129817114315, -7.308836950455767, -11.635380064354127], "rotation": [[0.9999698450584853, -0.006576056213974237, -0.004130914439840797], [0.00776588497459461, 0.8467622109420373, 0.5319148686125914], [-1.2524201471522568e-10, -0.5319309089583529, 0.8467877457771769]], "fy": 711.111111111111, "fx": 711.111111111111}, {"id": 37, "img_name": "0037.png", "width": 512, "height": 512, "position": [7.556734527549498, -7.893543284684366, 8.33019768598791], "rotation": [[0.7223498321337035, 0.4192362004443942, -0.5499561236885134], [0.6915278228282224, -0.43792205073575735, 0.5744681001762101], [-8.027047192143126e-08, -0.7952768927251397, -0.606246418696152]], "fy": 711.111111111111, "fx": 711.111111111111}, {"id": 38, "img_name": "0038.png", "width": 512, "height": 512, "position": [-10.766982414063744, -8.478250233301653, -0.9978811682818333], "rotation": [[0.6186548787672794, 0.05705691737520546, 0.7835882955355745], [-0.7856628467228851, 0.04492841036055375, 0.6170212706506866], [-1.1696705205967601e-08, -0.9973594464062265, 0.07262269769470334]], "fy": 711.111111111111, "fx": 711.111111111111}, {"id": 39, "img_name": "0039.png", "width": 512, "height": 512, "position": [8.226850715450679, -9.062955923113424, -6.243886140331463], "rotation": [[0.7404359664130945, -0.30542193879116475, -0.5987253081564986], [0.6721268893014534, 0.3364623633936852, 0.6595744541197096], [-4.397209186616657e-09, -0.8907920381067667, 0.4544111505306979]], "fy": 711.111111111111, "fx": 711.111111111111}, {"id": 40, "img_name": "0040.png", "width": 512, "height": 512, "position": [-1.7511785272173157, -9.647663843170662, 9.626026385844298], "rotation": [[0.9839226769538791, -0.12511523142277203, 0.12744545926357997], [-0.17859497815134268, -0.6892898911233136, 0.7021277138300482], [-6.427865958092621e-09, -0.7136004986090713, -0.7005529069602707]], "fy": 711.111111111111, "fx": 711.111111111111}, {"id": 41, "img_name": "0041.png", "width": 512, "height": 512, "position": [-4.884403331007256, -10.23237025014897, -7.761804618937436], "rotation": [[0.9024545599171989, 0.24334211677335618, 0.35547203576759756], [-0.43078504385423594, 0.5097790245056822, 0.7446808211880758], [4.390605276687325e-08, -0.8251726447587225, 0.5648805600488879]], "fy": 711.111111111111, "fx": 711.111111111111}, {"id": 42, "img_name": "0042.png", "width": 512, "height": 512, "position": [8.171876120060325, -10.817077466813634, 2.239573075437132], "rotation": [[0.7979037149604493, 0.09824740185607157, -0.5947243925513378], [0.6027849160911595, -0.13004962683215945, 0.7872340202704861], [2.135482582265771e-09, -0.9866278456271085, -0.16298912950660802]], "fy": 711.111111111111, "fx": 711.111111111111}, {"id": 43, "img_name": "0043.png", "width": 512, "height": 512, "position": [-6.822433601242967, -11.40178442119786, 3.501159713030594], "rotation": [[0.85811111735594, -0.13083256780158103, 0.4965160044241684], [-0.5134640235176116, -0.2186498365341314, 0.8297872540196584], [-4.203010054769894e-08, -0.9669927763860617, -0.2548036696662101]], "fy": 711.111111111111, "fx": 711.111111111111}, {"id": 44, "img_name": "0044.png", "width": 512, "height": 512, "position": [2.335210037645976, -11.986492399160339, -6.298826209947427], "rotation": [[0.9815462325433894, -0.08765936047197925, -0.16994949147373908], [0.1912249804040748, 0.44995024090056734, 0.8723404038280804], [1.1567956704380326e-08, -0.8887410251603786, 0.45840962345824987]], "fy": 711.111111111111, "fx": 711.111111111111}, {"id": 45, "img_name": "0045.png", "width": 512, "height": 512, "position": [2.091461529394911, -12.571197863065805, 5.137624152168569], "rotation": [[0.9864414487285345, 0.06136220519340996, -0.152210208205646], [0.1641135817298625, -0.36883125451468884, 0.9148935376701537], [1.5368526926007648e-11, -0.9274686694183341, -0.37390080815350824]], "fy": 711.111111111111, "fx": 711.111111111111}, {"id": 46, "img_name": "0046.png", "width": 512, "height": 512, "position": [-3.5836055360992245, -13.155904981858212, -1.698337740131283], "rotation": [[0.9648451097933491, 0.03248439790974448, 0.260803905815327], [-0.262819164818869, 0.11925478044850488, 0.9574467954470807], [-2.7207194367154824e-08, -0.992332123535469, 0.12359991446337537]], "fy": 711.111111111111, "fx": 711.111111111111}, {"id": 47, "img_name": "0047.png", "width": 512, "height": 512, "position": [0.0, -13.740611546676025, -1.507708426296983e-06], "rotation": [[1.0, 0.0, 0.0], [0.0, 3.422854412188872e-08, 1.0000000342285418], [-0.0, -1.0000000342285418, 3.422854412188871e-08]], "fy": 711.111111111111, "fx": 711.111111111111}]