[{"id": 0, "img_name": "0000.png", "width": 512, "height": 512, "position": [-4.2939081833706764e-14, 13.887443064153084, -5.731258889074168e-07], "rotation": [[-1.0000000684570807, 2.9923544145766533e-15, 8.742278582883015e-08], [-8.742278582883016e-08, -3.4228542234509265e-08, -1.0000000342285382], [-2.9923544145766533e-15, -1.0000000342285422, -3.4228542234509265e-08]], "fy": 711.111111111111, "fx": 711.111111111111}, {"id": 1, "img_name": "0001.png", "width": 512, "height": 512, "position": [-2.9554125625877825, 13.296485974456285, 2.707400388741842], "rotation": [[-0.9761770804937211, -0.042299932728816554, 0.21281186355002804], [-0.21697505288971894, 0.1903088626010368, -0.9574467652874376], [-4.2725101563365944e-08, -0.9808125191018984, -0.19495312611213267]], "fy": 711.111111111111, "fx": 711.111111111111}, {"id": 2, "img_name": "0002.png", "width": 512, "height": 512, "position": [0.49013407050320484, 12.705532114247088, -5.584825364889039], "rotation": [[-0.9992566759712018, -0.015502033875358735, -0.035293288685538965], [0.03854775324848809, -0.4018504498707409, -0.9148935293729578], [8.508159632340395e-08, -0.9155740201178387, 0.4021494299032408]], "fy": 711.111111111111, "fx": 711.111111111111}, {"id": 3, "img_name": "0003.png", "width": 512, "height": 512, "position": [4.131029600650371, 12.114576256887336, 5.388195717317505], "rotation": [[-0.9464848112498351, 0.12522324997198694, -0.2974651311190376], [0.32274814726844253, 0.36722719059578124, -0.8723404036672064], [-2.6382327065046267e-08, -0.9216633247026432, -0.38799048863411134]], "fy": 711.111111111111, "fx": 711.111111111111}, {"id": 4, "img_name": "0004.png", "width": 512, "height": 512, "position": [-7.6318270152805665, 11.523622625355971, -1.3499625288068273], "rotation": [[-0.8337356715706887, 0.053674400312189216, 0.5495487967491833], [-0.5521637630788025, -0.08104538649425223, -0.8297872130526727], [6.488529205270818e-08, -0.9952641352697243, 0.09720749336300351]], "fy": 711.111111111111, "fx": 711.111111111111}, {"id": 5, "img_name": "0005.png", "width": 512, "height": 512, "position": [7.225709024447606, 10.932667028953102, -4.596406201614939], "rotation": [[-0.834253170009698, -0.18249394326924792, -0.5203052226735208], [0.5513815050138163, -0.27611757365195005, -0.7872340584794769], [2.0014464719129843e-08, -0.9436392253247052, 0.33097580228255447]], "fy": 711.111111111111, "fx": 711.111111111111}, {"id": 6, "img_name": "0006.png", "width": 512, "height": 512, "position": [-2.406211947164731, 10.341713034307757, 8.950988238197858], "rotation": [[-0.9739838287030191, -0.14606354634478338, 0.1732652855055282], [-0.22661733987523294, 0.6277699058161014, -0.7446808115067076], [-8.110264799441244e-09, -0.7645720176592922, -0.6445382540396215]], "fy": 711.111111111111, "fx": 711.111111111111}, {"id": 7, "img_name": "0007.png", "width": 512, "height": 512, "position": [-4.557711469288965, 9.750758161898636, -8.775592515087869], "rotation": [[-0.9059210804277383, 0.2675796702003094, 0.32818944918558735], [-0.4234468023981826, -0.5724593485271492, -0.7021276689681716], [1.1089419563347143e-08, -0.775042952414521, 0.6319085853463441]], "fy": 711.111111111111, "fx": 711.111111111111}, {"id": 8, "img_name": "0008.png", "width": 512, "height": 512, "position": [9.804962207758358, 9.159803216063228, 3.5807565805127384], "rotation": [[-0.6826570349221032, 0.18841467787052968, -0.706030693433533], [0.730738962220633, 0.17601722551198515, -0.6595745097662674], [5.721293531920163e-08, -0.9661872872293674, -0.2578413650476211]], "fy": 711.111111111111, "fx": 711.111111111111}, {"id": 9, "img_name": "0009.png", "width": 512, "height": 512, "position": [-10.101870953692277, 8.568848378369127, 4.1699049043999805], "rotation": [[-0.6468706206020999, -0.22898159631569068, 0.7274102588517896], [-0.7625996696393917, 0.19423234905518938, -0.6170214485397432], [-1.5239162176414696e-08, -0.9538559391443293, -0.30026443947352294]], "fy": 711.111111111111, "fx": 711.111111111111}, {"id": 10, "img_name": "0010.png", "width": 512, "height": 512, "position": [4.817961395293244, 7.977892823298418, -10.295705935439925], "rotation": [[-0.8560111613645554, -0.3832555292705034, -0.3469294365917196], [0.5169572851699226, -0.6346192721835279, -0.5744680100272394], [-7.063756422504662e-08, -0.6710987472186932, 0.7413679677113983]], "fy": 711.111111111111, "fx": 711.111111111111}, {"id": 11, "img_name": "0011.png", "width": 512, "height": 512, "position": [3.519535123843292, 7.386937364777662, 11.22083380684408], "rotation": [[-0.9027681940293878, 0.34753608439076283, -0.25343288413309867], [0.43012737266266043, 0.7294223329766882, -0.5319149358813551], [-3.052127146886e-08, -0.5892043158138658, -0.8079840621213046]], "fy": 711.111111111111, "fx": 711.111111111111}, {"id": 12, "img_name": "0012.png", "width": 512, "height": 512, "position": [-10.478551713150665, 6.795982008874028, -6.072534178025413], "rotation": [[-0.5441395598308895, 0.36686563356956087, 0.7545341316562046], [-0.838994725209025, -0.23793476483998524, -0.4893617336585894], [-1.0360542738647262e-07, -0.899331230528281, 0.4372680428057003]], "fy": 711.111111111111, "fx": 711.111111111111}, {"id": 13, "img_name": "0013.png", "width": 512, "height": 512, "position": [12.134333739995325, 6.205026626941086, -2.66769926521267], "rotation": [[-0.4552873941786801, -0.1710301191845931, -0.8737631486359757], [0.8903445072456783, -0.08745808470915865, -0.44680835559178167], [2.069499424127846e-08, -0.9813764550573271, 0.19209431876207322]], "fy": 711.111111111111, "fx": 711.111111111111}, {"id": 14, "img_name": "0014.png", "width": 512, "height": 512, "position": [-7.3053498545826345, 5.61407250639616, 10.391108310410807], "rotation": [[-0.609340725600031, -0.593284035737023, 0.526039935337087], [-0.7929085449343166, 0.45593165844273115, -0.40425535174680266], [-2.6729853641356517e-08, -0.6634307823619411, -0.7482377192225369]], "fy": 711.111111111111, "fx": 711.111111111111}, {"id": 15, "img_name": "0015.png", "width": 512, "height": 512, "position": [-1.6638506785852325, 5.023117767243178, -12.839820985140442], "rotation": [[-0.9492781292131051, 0.29071741827111985, 0.11980962632708966], [-0.3144375356837299, -0.8776676695220705, -0.3617021302579198], [-7.182952011665728e-08, -0.3810285784475344, 0.924563258903706]], "fy": 711.111111111111, "fx": 711.111111111111}, {"id": 16, "img_name": "0016.png", "width": 512, "height": 512, "position": [10.063691635048588, 4.432162240645669, 8.48169201555142], "rotation": [[-0.40305381214167674, 0.558939754974246, -0.7246612493013112], [0.9151762540241108, 0.2461633678868689, -0.31914885911632324], [5.6042639013262744e-08, -0.791826951116331, -0.6107454655622844]], "fy": 711.111111111111, "fx": 711.111111111111}, {"id": 17, "img_name": "0017.png", "width": 512, "height": 512, "position": [-13.334244521297505, 3.8412071078408254, 0.5514128486254611], "rotation": [[-0.27681402807271815, -0.038154315757235074, 0.9601656371516499], [-0.9609234114005688, 0.010991043940745822, -0.2765958174089964], [1.7336929160521324e-07, -0.9992113374932027, -0.039705758558390584]], "fy": 711.111111111111, "fx": 711.111111111111}, {"id": 18, "img_name": "0018.png", "width": 512, "height": 512, "position": [9.57042941786804, 3.2502523716303515, -9.523855797295328], "rotation": [[-0.321575047638574, -0.6493626741254629, -0.6891426732935384], [0.9468841041550631, -0.22053263799555956, -0.23404244373385796], [-1.9890810008973482e-08, -0.727800446292169, 0.6857889723874654]], "fy": 711.111111111111, "fx": 711.111111111111}, {"id": 19, "img_name": "0019.png", "width": 512, "height": 512, "position": [-0.6296102374524883, 2.6592973373666937, 13.615902455054401], "rotation": [[-0.9730985870401231, -0.22588412976770866, 0.04533664612314343], [-0.23038891371463638, 0.9540716819155474, -0.1914893525707488], [-3.4390049163770745e-09, -0.1967830877633026, -0.9804470040259377]], "fy": 711.111111111111, "fx": 711.111111111111}, {"id": 20, "img_name": "0020.png", "width": 512, "height": 512, "position": [-8.79857176008654, 2.068342456989715, -10.543632081395744], "rotation": [[-0.22883893515116968, 0.7390740328899907, 0.6335630825921537], [-0.9734642292945056, -0.17373923019856988, -0.14893604073943081], [3.705025018336303e-08, -0.650833407144108, 0.7592205539162227]], "fy": 711.111111111111, "fx": 711.111111111111}, {"id": 21, "img_name": "0021.png", "width": 512, "height": 512, "position": [13.685315604834566, 1.4773871872805802, 1.8413397362622808], "rotation": [[-0.10733063267989612, 0.13182442428781319, -0.9854453253525671], [0.9942233994923074, 0.014230981541074099, -0.10638298864973961], [-7.39887750738504e-09, -0.9911709386040721, -0.13259036173364694]], "fy": 711.111111111111, "fx": 711.111111111111}, {"id": 22, "img_name": "0022.png", "width": 512, "height": 512, "position": [-11.376377324523327, 0.8864324840868394, 7.915386674942293], "rotation": [[-0.07768327887588776, -0.5682447584116154, 0.8191844918429565], [-0.996978102637302, 0.04427694037500456, -0.06382978216408003], [-5.47610862173571e-08, -0.8216674952601654, -0.5699671652075671]], "fy": 711.111111111111, "fx": 711.111111111111}, {"id": 23, "img_name": "0023.png", "width": 512, "height": 512, "position": [3.0473448457654584, 0.295477758437154, -13.545752711782258], "rotation": [[-0.09650971172515792, -0.9708426202461738, -0.21943169403888954], [0.9953319354040806, -0.0941351652024426, -0.02127664430330707], [1.293306164242922e-08, -0.22046079910402688, 0.9753958331152662]], "fy": 711.111111111111, "fx": 711.111111111111}, {"id": 24, "img_name": "0024.png", "width": 512, "height": 512, "position": [6.903006889779702, -0.2954772869944532, 12.046669112437622], "rotation": [[0.042764969022825866, 0.8666569149466549, -0.4970683172119998], [0.9990851416174811, -0.03709645304452659, 0.021276574947490523], [9.650588352066967e-09, -0.4975234714236759, -0.8674504728015656]], "fy": 711.111111111111, "fx": 711.111111111111}, {"id": 25, "img_name": "0025.png", "width": 512, "height": 512, "position": [-13.203485429105832, -0.8864319024947851, -4.21227268522013], "rotation": [[0.06698521519766683, 0.30263403656162224, 0.9507500124313762], [-0.9977539507432897, 0.020317627291413197, 0.06382954911046092], [2.7389858109165484e-08, -0.9528902336984603, 0.30331530887142627]], "fy": 711.111111111111, "fx": 711.111111111111}, {"id": 26, "img_name": "0026.png", "width": 512, "height": 512, "position": [12.535355656884054, -1.4773869446323749, -5.791651637908358], "rotation": [[0.11704752115128665, -0.4141756893076602, -0.9026395871796384], [0.9931262386813129, 0.048813724479850815, 0.10638294401076939], [-1.0666329819168761e-07, -0.9088869869902502, 0.41704237750222944]], "fy": 711.111111111111, "fx": 711.111111111111}, {"id": 27, "img_name": "0027.png", "width": 512, "height": 512, "position": [-5.301603798666213, -2.0683427745772143, 12.667910823055074], "rotation": [[0.3634544289401131, -0.8498021880900749, 0.38175531463995044], [-0.9316119788509181, -0.3315375441206758, 0.1489361605056664], [-5.592897540002915e-08, -0.40977933105759984, -0.9121846868953323]], "fy": 711.111111111111, "fx": 711.111111111111}, {"id": 28, "img_name": "0028.png", "width": 512, "height": 512, "position": [-4.613257818923904, -2.659297659093502, -12.826031227621867], "rotation": [[0.49941292401533377, 0.8001481956070714, 0.3321891305613624], [-0.8663640997850531, 0.46124297565609995, 0.19148939334671036], [-1.7819258769393565e-08, -0.38342901067525487, 0.9235703531091878]], "fy": 711.111111111111, "fx": 711.111111111111}, {"id": 29, "img_name": "0029.png", "width": 512, "height": 512, "position": [11.951596878661322, -3.250252774282627, 6.281426028026948], "rotation": [[0.2624203038613841, 0.43645780084313385, -0.8606045531186823], [0.9649536821865737, -0.11869518134091434, 0.23404248020187685], [6.709487406972423e-08, -0.8918610202198819, -0.45230959434567825]], "fy": 711.111111111111, "fx": 711.111111111111}, {"id": 30, "img_name": "0030.png", "width": 512, "height": 512, "position": [-12.904837683206532, -3.8412080127672543, 3.4016739635990425], "rotation": [[0.2852864583617211, -0.2347665306036142, 0.9292450001802348], [-0.9584422748666823, -0.06987975957156665, 0.2765956641831542], [4.031435145508861e-08, -0.9695367098799732, -0.24494590075749362]], "fy": 711.111111111111, "fx": 711.111111111111}, {"id": 31, "img_name": "0031.png", "width": 512, "height": 512, "position": [7.118069441969876, -4.432163041870682, -11.070234029508107], "rotation": [[0.5285720346779128, -0.6766828811200924, -0.5125542918456167], [0.8488884636336783, 0.4213459112194528, 0.31914890472188756], [6.54125993948638e-08, -0.6037946053705167, 0.7971399393651566]], "fy": 711.111111111111, "fx": 711.111111111111}, {"id": 32, "img_name": "0032.png", "width": 512, "height": 512, "position": [2.1929423246087327, -5.023116344014382, 12.760106742145329], "rotation": [[0.9164699880714693, 0.36762440998957296, -0.15790834135929083], [0.4001034254927392, -0.842074012227817, 0.3617020723000665], [-8.983732483264406e-09, -0.3946687641263302, -0.9188233452725585]], "fy": 711.111111111111, "fx": 711.111111111111}, {"id": 33, "img_name": "0033.png", "width": 512, "height": 512, "position": [-10.042571940101752, -5.614072771836385, -7.777532340746642], "rotation": [[0.4879569481518868, 0.4888413345118014, 0.7231404279051212], [-0.8728676467816187, 0.2732757355595741, 0.404255264318079], [1.2649948444282503e-08, -0.8284650850818528, 0.5600406478370292]], "fy": 711.111111111111, "fx": 711.111111111111}, {"id": 34, "img_name": "0034.png", "width": 512, "height": 512, "position": [12.3816973943736, -6.205028015176714, -1.0257987968537359], "rotation": [[0.4480323940656957, -0.06603681770695745, -0.8915750818821234], [0.8940173308868088, 0.03309407656538744, 0.44680848111546106], [5.5160140071745144e-08, -0.9972682414625552, 0.07386527031130247]], "fy": 711.111111111111, "fx": 711.111111111111}, {"id": 35, "img_name": "0035.png", "width": 512, "height": 512, "position": [-8.224313454280217, -6.795984449551683, 8.890240627221058], "rotation": [[0.636991948307235, -0.49348349942183145, 0.5922122547066508], [-0.7708704941988215, -0.40777929011159975, 0.4893617970659821], [-1.2906579782385914e-07, -0.7682384545519483, -0.6401640045470209]], "fy": 711.111111111111, "fx": 711.111111111111}, {"id": 36, "img_name": "0036.png", "width": 512, "height": 512, "position": [0.05736784275386523, -7.386937249491193, -11.75971621471673], "rotation": [[0.9999698450603287, -0.006576056459795713, -0.0041309137227093905], [0.007765884801288876, 0.8467622482176312, 0.5319148140283714], [-2.821563764790142e-10, -0.5319308543702098, 0.8467877830530582]], "fy": 711.111111111111, "fx": 711.111111111111}, {"id": 37, "img_name": "0037.png", "width": 512, "height": 512, "position": [7.637484851229291, -7.977893223376124, 8.41921156069339], "rotation": [[0.7223497986716593, 0.4192362748361842, -0.5499561157605024], [0.6915278616230135, -0.4379220590661618, 0.5744680710733635], [-4.558361978152739e-08, -0.7952768662202668, -0.6062464788139839]], "fy": 711.111111111111, "fx": 711.111111111111}, {"id": 38, "img_name": "0038.png", "width": 512, "height": 512, "position": [-10.882037956002955, -8.568846671553434, -1.0085448397287258], "rotation": [[0.6186548762269743, 0.05705699201074962, 0.7835882914557224], [-0.7856628480740376, 0.0449283725766464, 0.6170212696113124], [6.513402987249099e-08, -0.9973594425578222, 0.0726227334679015]], "fy": 711.111111111111, "fx": 711.111111111111}, {"id": 39, "img_name": "0039.png", "width": 512, "height": 512, "position": [8.314762555912106, -9.15980315314503, -6.310609447432839], "rotation": [[0.7404360095657053, -0.3054219411956133, -0.598725274092137], [0.6721268600497945, 0.33646247479177016, 0.6595744747383205], [7.130592293383343e-08, -0.890792030477951, 0.45441122233902265]], "fy": 711.111111111111, "fx": 711.111111111111}, {"id": 40, "img_name": "0040.png", "width": 512, "height": 512, "position": [-1.7698914900774334, -9.750757652540672, 9.728888355225717], "rotation": [[0.9839226764346645, -0.12511523630272714, 0.1274454613791227], [-0.17859498307966176, -0.6892899456786692, 0.7021277142849434], [-4.427577503776603e-09, -0.713600499434478, -0.7005529618793637]], "fy": 711.111111111111, "fx": 711.111111111111}, {"id": 41, "img_name": "0041.png", "width": 512, "height": 512, "position": [-4.936596659874488, -10.341711879909765, -7.844745538159145], "rotation": [[0.9024545599171989, 0.24334211677335618, 0.35547203576759756], [-0.43078504385423594, 0.5097790245056822, 0.7446808211880758], [4.390605276687325e-08, -0.8251726447587225, 0.5648805600488879]], "fy": 711.111111111111, "fx": 711.111111111111}, {"id": 42, "img_name": "0042.png", "width": 512, "height": 512, "position": [8.25919968096755, -10.932668505371728, 2.263503741164326], "rotation": [[0.7979038040207268, 0.09824744864665816, -0.5947242765887526], [0.6027848093056036, -0.13004976871054333, 0.7872341261364443], [-2.3048019341885538e-10, -0.9866278601974636, -0.16298927760937465]], "fy": 711.111111111111, "fx": 711.111111111111}, {"id": 43, "img_name": "0043.png", "width": 512, "height": 512, "position": [-6.895337215398081, -11.523621519267413, 3.538572494415694], "rotation": [[0.85811111735594, -0.13083256780158103, 0.4965160044241684], [-0.5134640235176116, -0.2186498365341314, 0.8297872540196584], [-4.203010054769894e-08, -0.9669927763860617, -0.2548036696662101]], "fy": 711.111111111111, "fx": 711.111111111111}, {"id": 44, "img_name": "0044.png", "width": 512, "height": 512, "position": [2.3601641178894246, -12.114577552472698, -6.36613562690405], "rotation": [[0.9815462258491192, -0.08765936301615117, -0.16994952181369785], [0.1912250085347144, 0.44995008091318195, 0.8723404394718594], [-1.8286910345787454e-08, -0.8887410659481539, 0.45840946810119854]], "fy": 711.111111111111, "fx": 711.111111111111}, {"id": 45, "img_name": "0045.png", "width": 512, "height": 512, "position": [2.113811290540049, -12.705532883485501, 5.1925237371110144], "rotation": [[0.9864414423048946, 0.06136220208990109, -0.15221025366425736], [0.1641136227308969, -0.3688310895897601, 0.9148936400911973], [1.6201302070673187e-08, -0.9274687779110727, -0.3739006453476783]], "fy": 711.111111111111, "fx": 711.111111111111}, {"id": 46, "img_name": "0046.png", "width": 512, "height": 512, "position": [-3.621899539770119, -13.296488405105737, -1.7164861025107823], "rotation": [[0.9648451097933491, 0.03248439790974448, 0.260803905815327], [-0.262819164818869, 0.11925478044850488, 0.9574467954470807], [-2.7207194367154824e-08, -0.992332123535469, 0.12359991446337537]], "fy": 711.111111111111, "fx": 711.111111111111}, {"id": 47, "img_name": "0047.png", "width": 512, "height": 512, "position": [0.0, -13.887443064153025, -1.5238197454788418e-06], "rotation": [[1.0, 0.0, 0.0], [0.0, 3.422854412188872e-08, 1.0000000342285418], [-0.0, -1.0000000342285418, 3.422854412188871e-08]], "fy": 711.111111111111, "fx": 711.111111111111}]