[{"id": 0, "img_name": "0000.png", "width": 512, "height": 512, "position": [-9.159903248212482e-14, 13.822458740334525, -5.704440518357554e-07], "rotation": [[-1.0000000684570807, 2.9923544145766533e-15, 8.742278582883015e-08], [-8.742278582883016e-08, -3.4228542234509265e-08, -1.0000000342285382], [-2.9923544145766533e-15, -1.0000000342285422, -3.4228542234509265e-08]], "fy": 711.111111111111, "fx": 711.111111111111}, {"id": 1, "img_name": "0001.png", "width": 512, "height": 512, "position": [-2.941583624597309, 13.234268811969581, 2.6947316567428516], "rotation": [[-0.9761770845326743, -0.04229994203256623, 0.2128118527552708], [-0.21697504411588103, 0.19030886094617255, -0.9574467684772573], [-3.149539491923908e-08, -0.9808125198735346, -0.19495312855440355]], "fy": 711.111111111111, "fx": 711.111111111111}, {"id": 2, "img_name": "0002.png", "width": 512, "height": 512, "position": [0.48784061567237585, 12.646078687327698, -5.558693621770665], "rotation": [[-0.999256675942566, -0.01550187133525398, -0.03529336048320712], [0.03854775361916437, -0.40185045299175853, -0.9148935279755102], [-9.26092965415548e-08, -0.9155740214890682, 0.40214942677070753]], "fy": 711.111111111111, "fx": 711.111111111111}, {"id": 3, "img_name": "0003.png", "width": 512, "height": 512, "position": [4.111699268339412, 12.057888454476076, 5.3629832400701645], "rotation": [[-0.9464848112498351, 0.12522324997198694, -0.2974651311190376], [0.32274814726844253, 0.36722719059578124, -0.8723404036672064], [-2.6382327065046267e-08, -0.9216633247026432, -0.38799048863411134]], "fy": 711.111111111111, "fx": 711.111111111111}, {"id": 4, "img_name": "0004.png", "width": 512, "height": 512, "position": [-7.596114751142367, 11.469699670156148, -1.3436456685455738], "rotation": [[-0.8337356888414512, 0.05367446343887826, 0.5495487816723748], [-0.5521637542097841, -0.08104537358327231, -0.8297872269662566], [5.919834364292572e-10, -0.9952641385451106, 0.09720750795283124]], "fy": 711.111111111111, "fx": 711.111111111111}, {"id": 5, "img_name": "0005.png", "width": 512, "height": 512, "position": [7.191899132151696, 10.88150989657779, -4.574897284037238], "rotation": [[-0.8342532337549073, -0.18249387060905797, -0.5203052733502045], [0.5513815287855639, -0.2761174793739256, -0.7872341334779296], [3.03642668507077e-08, -0.9436393158345919, 0.33097561728037583]], "fy": 711.111111111111, "fx": 711.111111111111}, {"id": 6, "img_name": "0006.png", "width": 512, "height": 512, "position": [-2.394952164680914, 10.293319457338356, 8.90910311364101], "rotation": [[-0.9739838301108119, -0.14606354954062378, 0.17326527897913757], [-0.22661733694517866, 0.6277699055506369, -0.744680812801223], [-1.4603059696786926e-09, -0.7645720174411359, -0.6445382552124623]], "fy": 711.111111111111, "fx": 711.111111111111}, {"id": 7, "img_name": "0007.png", "width": 512, "height": 512, "position": [-4.536383969392256, 9.705131281916128, -8.734530512268403], "rotation": [[-0.905921034255252, 0.2675794370493508, 0.3281893436067376], [-0.4234465732399391, -0.5724593527623457, -0.702127640544337], [1.472589390830167e-07, -0.7750428819577387, 0.631908629321018]], "fy": 711.111111111111, "fx": 711.111111111111}, {"id": 8, "img_name": "0008.png", "width": 512, "height": 512, "position": [9.75908023281372, 9.116940860173473, 3.564001014015106], "rotation": [[-0.6826570349221032, 0.18841467787052968, -0.706030693433533], [0.730738962220633, 0.17601722551198515, -0.6595745097662674], [5.721293531920163e-08, -0.9661872872293674, -0.2578413650476211]], "fy": 711.111111111111, "fx": 711.111111111111}, {"id": 9, "img_name": "0009.png", "width": 512, "height": 512, "position": [-10.054601234171193, 8.528752736597632, 4.150392068781397], "rotation": [[-0.6468706206020999, -0.22898159631569068, 0.7274102588517896], [-0.7625996696393917, 0.19423234905518938, -0.6170214485397432], [-1.5239162176414696e-08, -0.9538559391443293, -0.30026443947352294]], "fy": 711.111111111111, "fx": 711.111111111111}, {"id": 10, "img_name": "0010.png", "width": 512, "height": 512, "position": [4.7954165808332085, 7.940561132331223, -10.247527494626327], "rotation": [[-0.8560111613645554, -0.3832555292705034, -0.3469294365917196], [0.5169572851699226, -0.6346192721835279, -0.5744680100272394], [-7.063756422504662e-08, -0.6710987472186932, 0.7413679677113983]], "fy": 711.111111111111, "fx": 711.111111111111}, {"id": 11, "img_name": "0011.png", "width": 512, "height": 512, "position": [3.5030658963889705, 7.352371649011956, 11.168327257071383], "rotation": [[-0.9027681940293878, 0.34753608439076283, -0.25343288413309867], [0.43012737266266043, 0.7294223329766882, -0.5319149358813551], [-3.052127146886e-08, -0.5892043158138658, -0.8079840621213046]], "fy": 711.111111111111, "fx": 711.111111111111}, {"id": 12, "img_name": "0012.png", "width": 512, "height": 512, "position": [-10.429519063488383, 6.764182425526374, -6.044119937472363], "rotation": [[-0.5441397389112851, 0.3668656987404756, 0.7545340818038097], [-0.8389947088723831, -0.23793500252349392, -0.4893617832867433], [-2.7143983779636447e-08, -0.8993312157070379, 0.4372681430783829]], "fy": 711.111111111111, "fx": 711.111111111111}, {"id": 13, "img_name": "0013.png", "width": 512, "height": 512, "position": [12.077553667832643, 6.1759915151799705, -2.655216329421228], "rotation": [[-0.4552873941786801, -0.1710301191845931, -0.8737631486359757], [0.8903445072456783, -0.08745808470915865, -0.44680835559178167], [2.069499424127846e-08, -0.9813764550573271, 0.19209431876207322]], "fy": 711.111111111111, "fx": 711.111111111111}, {"id": 14, "img_name": "0014.png", "width": 512, "height": 512, "position": [-7.271165053083767, 5.58780237202971, 10.342484840671311], "rotation": [[-0.609340725600031, -0.593284035737023, 0.526039935337087], [-0.7929085449343166, 0.45593165844273115, -0.40425535174680266], [-2.6729853641356517e-08, -0.6634307823619411, -0.7482377192225369]], "fy": 711.111111111111, "fx": 711.111111111111}, {"id": 15, "img_name": "0015.png", "width": 512, "height": 512, "position": [-1.6560648833346736, 4.999612917763613, -12.779737798046073], "rotation": [[-0.9492781309221371, 0.2907174216619588, 0.11980961205645982], [-0.314437533381257, -0.8776676702465779, -0.3617021328939787], [-8.631562671565508e-08, -0.3810285764626656, 0.9245632597593069]], "fy": 711.111111111111, "fx": 711.111111111111}, {"id": 16, "img_name": "0016.png", "width": 512, "height": 512, "position": [10.016600491332802, 4.411422408913552, 8.442004215984849], "rotation": [[-0.40305381214167674, 0.558939754974246, -0.7246612493013112], [0.9151762540241108, 0.2461633678868689, -0.31914885911632324], [5.6042639013262744e-08, -0.791826951116331, -0.6107454655622844]], "fy": 711.111111111111, "fx": 711.111111111111}, {"id": 17, "img_name": "0017.png", "width": 512, "height": 512, "position": [-13.271848738070236, 3.8232329452120073, 0.5488327113028609], "rotation": [[-0.27681402807271815, -0.038154315757235074, 0.9601656371516499], [-0.9609234114005688, 0.010991043940745822, -0.2765958174089964], [1.7336929160521324e-07, -0.9992113374932027, -0.039705758558390584]], "fy": 711.111111111111, "fx": 711.111111111111}, {"id": 18, "img_name": "0018.png", "width": 512, "height": 512, "position": [9.525645621752698, 3.2350434457048496, -9.479290538976747], "rotation": [[-0.321575047638574, -0.6493626741254629, -0.6891426732935384], [0.9468841041550631, -0.22053263799555956, -0.23404244373385796], [-1.9890810008973482e-08, -0.727800446292169, 0.6857889723874654]], "fy": 711.111111111111, "fx": 711.111111111111}, {"id": 19, "img_name": "0019.png", "width": 512, "height": 512, "position": [-0.6266640168445378, 2.6468533768211033, 13.552186866538113], "rotation": [[-0.9730985910623814, -0.22588411517583398, 0.045336644576190084], [-0.2303888991036617, 0.954071682402647, -0.19148936778951028], [-1.3542842701311236e-09, -0.19678310221625764, -0.9804470016859752]], "fy": 711.111111111111, "fx": 711.111111111111}, {"id": 20, "img_name": "0020.png", "width": 512, "height": 512, "position": [-8.757401377363685, 2.058663825989304, -10.494292839727853], "rotation": [[-0.2288390892106704, 0.7390740869522798, 0.633563182758005], [-0.9734643355309919, -0.17373930257210846, -0.14893615127538387], [-6.093633135573767e-08, -0.650833529946924, 0.7592204844335683]], "fy": 711.111111111111, "fx": 711.111111111111}, {"id": 21, "img_name": "0021.png", "width": 512, "height": 512, "position": [13.621278048692211, 1.4704740643644842, 1.8327235664178825], "rotation": [[-0.10733063267989612, 0.13182442428781319, -0.9854453253525671], [0.9942233994923074, 0.014230981541074099, -0.10638298864973961], [-7.39887750738504e-09, -0.9911709386040721, -0.13259036173364694]], "fy": 711.111111111111, "fx": 711.111111111111}, {"id": 22, "img_name": "0022.png", "width": 512, "height": 512, "position": [-11.323143953491055, 0.8822846926681207, 7.8783482851387765], "rotation": [[-0.07768327887588776, -0.5682447584116154, 0.8191844918429565], [-0.996978102637302, 0.04427694037500456, -0.06382978216408003], [-5.47610862173571e-08, -0.8216674952601654, -0.5699671652075671]], "fy": 711.111111111111, "fx": 711.111111111111}, {"id": 23, "img_name": "0023.png", "width": 512, "height": 512, "position": [3.033085225992067, 0.29409511014130163, -13.482367275281415], "rotation": [[-0.09650971172515792, -0.9708426202461738, -0.21943169403888954], [0.9953319354040806, -0.0941351652024426, -0.02127664430330707], [1.293306164242922e-08, -0.22046079910402688, 0.9753958331152662]], "fy": 711.111111111111, "fx": 711.111111111111}, {"id": 24, "img_name": "0024.png", "width": 512, "height": 512, "position": [6.870706340947754, -0.2940937388062264, 11.990298779900417], "rotation": [[0.04276494580806176, 0.8666569017685903, -0.4970683328578313], [0.9990851379703268, -0.03709647553910225, 0.021276470885817897], [-9.498497778144007e-08, -0.49752348260500207, -0.8674504559609404]], "fy": 711.111111111111, "fx": 711.111111111111}, {"id": 25, "img_name": "0025.png", "width": 512, "height": 512, "position": [-13.141702342811566, -0.882284100089524, -4.192562688261092], "rotation": [[0.06698521519766683, 0.30263403656162224, 0.9507500124313762], [-0.9977539507432897, 0.020317627291413197, 0.06382954911046092], [2.7389858109165484e-08, -0.9528902336984603, 0.30331530887142627]], "fy": 711.111111111111, "fx": 711.111111111111}, {"id": 26, "img_name": "0026.png", "width": 512, "height": 512, "position": [12.476699096491267, -1.4704737977836508, -5.764550825993868], "rotation": [[0.11704752115128665, -0.4141756893076602, -0.9026395871796384], [0.9931262386813129, 0.048813724479850815, 0.10638294401076939], [-1.0666329819168761e-07, -0.9088869869902502, 0.41704237750222944]], "fy": 711.111111111111, "fx": 711.111111111111}, {"id": 27, "img_name": "0027.png", "width": 512, "height": 512, "position": [-5.2767964166697965, -2.058664652040004, 12.608634842108174], "rotation": [[0.3634544289401131, -0.8498021880900749, 0.38175531463995044], [-0.9316119788509181, -0.3315375441206758, 0.1489361605056664], [-5.592897540002915e-08, -0.40977933105759984, -0.9121846868953323]], "fy": 711.111111111111, "fx": 711.111111111111}, {"id": 28, "img_name": "0028.png", "width": 512, "height": 512, "position": [-4.591670495677653, -2.6468538593505126, -12.766012662207263], "rotation": [[0.4994126808545606, 0.800148316713526, 0.3321891730805072], [-0.8663642279384564, 0.46124272170460173, 0.19148936672349917], [5.572522977463682e-08, -0.3834290342163395, 0.9235703416149375]], "fy": 711.111111111111, "fx": 711.111111111111}, {"id": 29, "img_name": "0029.png", "width": 512, "height": 512, "position": [11.895670168049366, -3.2350429528777425, 6.252029484406045], "rotation": [[0.2624202585164193, 0.43645763142141025, -0.8606046258542116], [0.9649536704255013, -0.1186950495521278, 0.2340424448689177], [8.968029936293409e-08, -0.8918610811342089, -0.4523093730291903]], "fy": 711.111111111111, "fx": 711.111111111111}, {"id": 30, "img_name": "0030.png", "width": 512, "height": 512, "position": [-12.844450391451948, -3.823232515542755, 3.3857556989442843], "rotation": [[0.285286430685161, -0.23476651179662456, 0.929244996589987], [-0.9584422667791055, -0.06987977924278732, 0.2765956025552316], [9.835690990112001e-08, -0.9695366888573154, -0.24494587269678866]], "fy": 711.111111111111, "fx": 711.111111111111}, {"id": 31, "img_name": "0031.png", "width": 512, "height": 512, "position": [7.084760443101272, -4.411422397914319, -11.018432038230266], "rotation": [[0.5285716823273113, -0.6766830555100866, -0.5125543644556984], [0.8488886464884804, 0.42134555359812464, 0.31914877119263135], [-8.631850448458467e-08, -0.6037945964285735, 0.7971399293935201]], "fy": 711.111111111111, "fx": 711.111111111111}, {"id": 32, "img_name": "0032.png", "width": 512, "height": 512, "position": [2.1826808792805106, -4.9996115811019655, 12.700396655918805], "rotation": [[0.9164699985174423, 0.3676243835983269, -0.15790834516741234], [0.40010340274679, -0.8420740320678767, 0.36170208009116106], [-2.1111348112538903e-08, -0.39466877279027657, -0.9188233533688378]], "fy": 711.111111111111, "fx": 711.111111111111}, {"id": 33, "img_name": "0033.png", "width": 512, "height": 512, "position": [-9.995578746626906, -5.5878022979961175, -7.7411386268845614], "rotation": [[0.48795695174901477, 0.48884141325342456, 0.723140448617093], [-0.8728677080392702, 0.2732758089666794, 0.40425527631234726], [-8.639119667631709e-08, -0.8284651090133462, 0.5600406971624821]], "fy": 711.111111111111, "fx": 711.111111111111}, {"id": 34, "img_name": "0034.png", "width": 512, "height": 512, "position": [12.323760872212864, -6.175994040621522, -1.0210002932364528], "rotation": [[0.44803247457256545, -0.06603678878516504, -0.8915750719778965], [0.8940173188733095, 0.033094148598750074, 0.44680859912364984], [1.6509892178932416e-07, -0.9972682854794904, 0.07386525139858999]], "fy": 711.111111111111, "fx": 711.111111111111}, {"id": 35, "img_name": "0035.png", "width": 512, "height": 512, "position": [-8.185829176014161, -6.764183322766376, 8.848640003676543], "rotation": [[0.636991948307235, -0.49348349942183145, 0.5922122547066508], [-0.7708704941988215, -0.40777929011159975, 0.4893617970659821], [-1.2906579782385914e-07, -0.7682384545519483, -0.6401640045470209]], "fy": 711.111111111111, "fx": 711.111111111111}, {"id": 36, "img_name": "0036.png", "width": 512, "height": 512, "position": [0.05709940181139827, -7.352371529924307, -11.704688031443741], "rotation": [[0.9999698450528781, -0.006576057290274541, -0.004130914204220943], [0.007765885760659064, 0.8467622482097146, 0.5319148140258944], [-3.1620639452098147e-10, -0.5319308543714723, 0.8467877830515912]], "fy": 711.111111111111, "fx": 711.111111111111}, {"id": 37, "img_name": "0037.png", "width": 512, "height": 512, "position": [7.601745763131436, -7.940562067739369, 8.379815306788295], "rotation": [[0.7223497986716593, 0.4192362748361842, -0.5499561157605024], [0.6915278616230135, -0.4379220590661618, 0.5744680710733635], [-4.558361978152739e-08, -0.7952768662202668, -0.6062464788139839]], "fy": 711.111111111111, "fx": 711.111111111111}, {"id": 38, "img_name": "0038.png", "width": 512, "height": 512, "position": [-10.831116703926162, -8.52875033658256, -1.0038255473675086], "rotation": [[0.6186548762269743, 0.05705699201074962, 0.7835882914557224], [-0.7856628480740376, 0.0449283725766464, 0.6170212696113124], [6.513402987249099e-08, -0.9973594425578222, 0.0726227334679015]], "fy": 711.111111111111, "fx": 711.111111111111}, {"id": 39, "img_name": "0039.png", "width": 512, "height": 512, "position": [8.275856216842232, -9.116941211393636, -6.2810799902901095], "rotation": [[0.7404360095657053, -0.3054219411956133, -0.598725274092137], [0.6721268600497945, 0.33646247479177016, 0.6595744747383205], [7.130592293383343e-08, -0.890792030477951, 0.45441122233902265]], "fy": 711.111111111111, "fx": 711.111111111111}, {"id": 40, "img_name": "0040.png", "width": 512, "height": 512, "position": [-1.761609394260807, -9.705130712006103, 9.683364438084563], "rotation": [[0.9839226769457821, -0.12511523920569728, 0.12744545461583498], [-0.17859498028706064, -0.6892899457756009, 0.7021277155220091], [-1.13030633713672e-08, -0.7136004994437658, -0.7005529624973486]], "fy": 711.111111111111, "fx": 711.111111111111}, {"id": 41, "img_name": "0041.png", "width": 512, "height": 512, "position": [-4.91349686300818, -10.293318947833438, -7.808037428522961], "rotation": [[0.9024545599171989, 0.24334211677335618, 0.35547203576759756], [-0.43078504385423594, 0.5097790245056822, 0.7446808211880758], [4.390605276687325e-08, -0.8251726447587225, 0.5648805600488879]], "fy": 711.111111111111, "fx": 711.111111111111}, {"id": 42, "img_name": "0042.png", "width": 512, "height": 512, "position": [8.220553042234528, -10.881512092419166, 2.252912562997023], "rotation": [[0.7979038040207268, 0.09824744864665816, -0.5947242765887526], [0.6027848093056036, -0.13004976871054333, 0.7872341261364443], [-2.3048019341885538e-10, -0.9866278601974636, -0.16298927760937465]], "fy": 711.111111111111, "fx": 711.111111111111}, {"id": 43, "img_name": "0043.png", "width": 512, "height": 512, "position": [-6.863071094391501, -11.469698533504774, 3.5220143894499203], "rotation": [[0.85811111735594, -0.13083256780158103, 0.4965160044241684], [-0.5134640235176116, -0.2186498365341314, 0.8297872540196584], [-4.203010054769894e-08, -0.9669927763860617, -0.2548036696662101]], "fy": 711.111111111111, "fx": 711.111111111111}, {"id": 44, "img_name": "0044.png", "width": 512, "height": 512, "position": [2.349119962956692, -12.057889536088764, -6.336347487968888], "rotation": [[0.9815462258491192, -0.08765936301615117, -0.16994952181369785], [0.1912250085347144, 0.44995008091318195, 0.8723404394718594], [-1.8286910345787454e-08, -0.8887410659481539, 0.45840946810119854]], "fy": 711.111111111111, "fx": 711.111111111111}, {"id": 45, "img_name": "0045.png", "width": 512, "height": 512, "position": [2.1039194955770744, -12.64607858972618, 5.168226094574611], "rotation": [[0.9864414467051795, 0.06136221755922119, -0.15221021624282047], [0.1641135938076773, -0.36883125346196827, 0.9148935344065942], [8.169602551454092e-09, -0.9274686675180333, -0.37390080913067114]], "fy": 711.111111111111, "fx": 711.111111111111}, {"id": 46, "img_name": "0046.png", "width": 512, "height": 512, "position": [-3.6049516521899263, -13.234269470485103, -1.7084534591001919], "rotation": [[0.9648451042714296, 0.032484379075557665, 0.26080392960835647], [-0.26281918610155736, 0.11925462243759066, 0.9574468162385555], [-8.16325271423174e-09, -0.9923321498492862, 0.12359975679163099]], "fy": 711.111111111111, "fx": 711.111111111111}, {"id": 47, "img_name": "0047.png", "width": 512, "height": 512, "position": [0.0, -13.822458740334469, -1.5166892710919918e-06], "rotation": [[1.0, 0.0, 0.0], [0.0, 3.422854412188872e-08, 1.0000000342285418], [-0.0, -1.0000000342285418, 3.422854412188871e-08]], "fy": 711.111111111111, "fx": 711.111111111111}]