{
  "camera_model": "PINHOLE",
  "intrinsics": {
    "width": 512,
    "height": 512,
    "fx": 711.1111111111111,
    "fy": 711.1111111111111,
    "cx": 256.0,
    "cy": 256.0
  },
  "images": [
    {
      "image_id": 1,
      "file_name": "0000.png",
      "camera_id": 1,
      "camera_center_world": [
        0.0,
        13.887442588806152,
        0.0
      ],
      "quaternion_wxyz_world_to_camera": [
        3.0908619663705394e-08,
        3.0908619663705394e-08,
        -0.7071067690849304,
        0.7071067690849304
      ],
      "translation_world_to_camera": [
        1.2140787930547958e-06,
        -1.0484727681614459e-06,
        13.887442588806152
      ],
      "world_to_camera": [
        [
          -1.0,
          -8.742277657347586e-08,
          0.0,
          1.2140787930547958e-06
        ],
        [
          -6.6002361555513294e-15,
          7.549790126404332e-08,
          -1.0,
          -1.0484727681614459e-06
        ],
        [
          8.742277657347586e-08,
          -1.0,
          -7.549790126404332e-08,
          13.887442588806152
        ],
        [
          0.0,
          0.0,
          0.0,
          1.0
        ]
      ],
      "blender_world_to_camera": [
        [
          -1.0,
          -8.742277657347586e-08,
          0.0,
          1.2140787930547958e-06
        ],
        [
          6.6002361555513294e-15,
          -7.549790126404332e-08,
          1.0,
          1.0484727681614459e-06
        ],
        [
          -8.742277657347586e-08,
          1.0,
          7.549790126404332e-08,
          -13.887442588806152
        ],
        [
          -0.0,
          0.0,
          -0.0,
          1.0
        ]
      ],
      "camera_to_world": [
        [
          -1.0,
          6.6002361555513294e-15,
          -8.742277657347586e-08,
          0.0
        ],
        [
          -8.742277657347586e-08,
          -7.549790126404332e-08,
          1.0,
          13.887442588806152
        ],
        [
          0.0,
          1.0,
          7.549790126404332e-08,
          0.0
        ],
        [
          0.0,
          0.0,
          0.0,
          1.0
        ]
      ]
    },
    {
      "image_id": 2,
      "file_name": "0001.png",
      "camera_id": 1,
      "camera_center_world": [
        -2.9554126262664795,
        13.296486854553223,
        2.70740008354187
      ],
      "quaternion_wxyz_world_to_camera": [
        0.06924327462911606,
        0.08436110615730286,
        -0.768348753452301,
        0.630657434463501
      ],
      "translation_world_to_camera": [
        -2.439290653910575e-07,
        2.3273878468899056e-07,
        13.887441635131836
      ],
      "world_to_camera": [
        [
          -0.9761770963668823,
          -0.21697503328323364,
          -2.2351743567128324e-08,
          -2.439290653910575e-07
        ],
        [
          -0.042299941182136536,
          0.19030876457691193,
          -0.9808126091957092,
          2.3273878468899056e-07
        ],
        [
          0.21281187236309052,
          -0.9574468731880188,
          -0.19495311379432678,
          13.887441635131836
        ],
        [
          0.0,
          0.0,
          0.0,
          1.0
        ]
      ],
      "blender_world_to_camera": [
        [
          -0.9761770963668823,
          -0.21697503328323364,
          -2.2351743567128324e-08,
          -2.439290653910575e-07
        ],
        [
          0.042299941182136536,
          -0.19030876457691193,
          0.9808126091957092,
          -2.3273878468899056e-07
        ],
        [
          -0.21281187236309052,
          0.9574468731880188,
          0.19495311379432678,
          -13.887441635131836
        ],
        [
          0.0,
          0.0,
          -0.0,
          1.0
        ]
      ],
      "camera_to_world": [
        [
          -0.9761771559715271,
          0.04229993745684624,
          -0.21281184256076813,
          -2.9554126262664795
        ],
        [
          -0.21697504818439484,
          -0.19030876457691193,
          0.9574467539787292,
          13.296486854553223
        ],
        [
          -1.9692791397574183e-08,
          0.9808125495910645,
          0.1949530839920044,
          2.70740008354187
        ],
        [
          0.0,
          0.0,
          0.0,
          1.0
        ]
      ]
    },
    {
      "image_id": 3,
      "file_name": "0002.png",
      "camera_id": 1,
      "camera_center_world": [
        0.4901340901851654,
        12.70553207397461,
        -5.584825038909912
      ],
      "quaternion_wxyz_world_to_camera": [
        0.016141081228852272,
        0.010539734736084938,
        0.5466390252113342,
        -0.8371464610099792
      ],
      "translation_world_to_camera": [
        5.207847380006569e-07,
        1.9168448943673866e-06,
        13.887442588806152
      ],
      "world_to_camera": [
        [
          -0.9992568492889404,
          0.038547758013010025,
          8.754432911928234e-08,
          5.207847380006569e-07
        ],
        [
          -0.015502037480473518,
          -0.40185052156448364,
          -0.9155740141868591,
          1.9168448943673866e-06
        ],
        [
          -0.03529329597949982,
          -0.914893627166748,
          0.4021494388580322,
          13.887442588806152
        ],
        [
          0.0,
          0.0,
          0.0,
          1.0
        ]
      ],
      "blender_world_to_camera": [
        [
          -0.9992568492889404,
          0.038547758013010025,
          8.754432911928234e-08,
          5.207847380006569e-07
        ],
        [
          0.015502037480473518,
          0.40185052156448364,
          0.9155740141868591,
          -1.9168448943673866e-06
        ],
        [
          0.03529329597949982,
          0.914893627166748,
          -0.4021494388580322,
          -13.887442588806152
        ],
        [
          -0.0,
          -0.0,
          -0.0,
          1.0
        ]
      ],
      "camera_to_world": [
        [
          -0.9992566704750061,
          0.015502037480473518,
          0.03529328852891922,
          0.4901340901851654
        ],
        [
          0.03854775428771973,
          0.40185052156448364,
          0.9148935079574585,
          12.70553207397461
        ],
        [
          8.74227694680485e-08,
          0.9155740737915039,
          -0.40214937925338745,
          -5.584825038909912
        ],
        [
          0.0,
          0.0,
          0.0,
          1.0
        ]
      ]
    },
    {
      "image_id": 4,
      "file_name": "0003.png",
      "camera_id": 1,
      "camera_center_world": [
        4.1310296058654785,
        12.114577293395996,
        5.3881964683532715
      ],
      "quaternion_wxyz_world_to_camera": [
        0.09048723429441452,
        0.1362704038619995,
        0.8218428492546082,
        -0.54572594165802
      ],
      "translation_world_to_camera": [
        1.5934192632016675e-08,
        4.897938197245821e-07,
        13.887441635131836
      ],
      "world_to_camera": [
        [
          -0.9464848637580872,
          0.3227481245994568,
          -7.450581485102248e-09,
          1.5934192632016675e-08
        ],
        [
          0.12522324919700623,
          0.3672272264957428,
          -0.9216634631156921,
          4.897938197245821e-07
        ],
        [
          -0.29746511578559875,
          -0.8723404407501221,
          -0.3879905343055725,
          13.887441635131836
        ],
        [
          0.0,
          0.0,
          0.0,
          1.0
        ]
      ],
      "blender_world_to_camera": [
        [
          -0.9464848637580872,
          0.3227481245994568,
          -7.450581485102248e-09,
          1.5934192632016675e-08
        ],
        [
          -0.12522324919700623,
          -0.3672272264957428,
          0.9216634631156921,
          -4.897938197245821e-07
        ],
        [
          0.29746511578559875,
          0.8723404407501221,
          0.3879905343055725,
          -13.887441635131836
        ],
        [
          -0.0,
          -0.0,
          -0.0,
          1.0
        ]
      ],
      "camera_to_world": [
        [
          -0.9464849233627319,
          -0.12522320449352264,
          0.29746511578559875,
          4.1310296058654785
        ],
        [
          0.3227481245994568,
          -0.36722713708877563,
          0.8723404407501221,
          12.114577293395996
        ],
        [
          -1.2010547223439971e-08,
          0.9216632843017578,
          0.3879905343055725,
          5.3881964683532715
        ],
        [
          0.0,
          0.0,
          0.0,
          1.0
        ]
      ]
    },
    {
      "image_id": 5,
      "file_name": "0004.png",
      "camera_id": 1,
      "camera_center_world": [
        -7.631826877593994,
        11.523622512817383,
        -1.3499627113342285
      ],
      "quaternion_wxyz_world_to_camera": [
        0.21355703473091125,
        0.1937151402235031,
        -0.6433278322219849,
        0.7092229127883911
      ],
      "translation_world_to_camera": [
        4.807228606296121e-07,
        9.590154377292492e-07,
        13.887442588806152
      ],
      "world_to_camera": [
        [
          -0.8337355256080627,
          -0.5521637201309204,
          3.7252898543727042e-09,
          4.807228606296121e-07
        ],
        [
          0.05367446318268776,
          -0.08104537427425385,
          -0.9952641725540161,
          9.590154377292492e-07
        ],
        [
          0.5495488047599792,
          -0.8297872543334961,
          0.09720750898122787,
          13.887442588806152
        ],
        [
          0.0,
          0.0,
          0.0,
          1.0
        ]
      ],
      "blender_world_to_camera": [
        [
          -0.8337355256080627,
          -0.5521637201309204,
          3.7252898543727042e-09,
          4.807228606296121e-07
        ],
        [
          -0.05367446318268776,
          0.08104537427425385,
          0.9952641725540161,
          -9.590154377292492e-07
        ],
        [
          -0.5495488047599792,
          0.8297872543334961,
          -0.09720750898122787,
          -13.887442588806152
        ],
        [
          0.0,
          0.0,
          -0.0,
          1.0
        ]
      ],
      "camera_to_world": [
        [
          -0.8337358236312866,
          -0.05367446318268776,
          -0.5495488047599792,
          -7.631826877593994
        ],
        [
          -0.55216383934021,
          0.08104536682367325,
          0.8297871947288513,
          11.523622512817383
        ],
        [
          1.7319480571931223e-10,
          0.9952641129493713,
          -0.09720750898122787,
          -1.3499627113342285
        ],
        [
          0.0,
          0.0,
          0.0,
          1.0
        ]
      ]
    },
    {
      "image_id": 6,
      "file_name": "0005.png",
      "camera_id": 1,
      "camera_center_world": [
        7.225710391998291,
        10.93266773223877,
        -4.596405506134033
      ],
      "quaternion_wxyz_world_to_camera": [
        0.23484303057193756,
        0.16649970412254333,
        0.5538862347602844,
        -0.7812404632568359
      ],
      "translation_world_to_camera": [
        5.169271730665059e-07,
        9.910831977322232e-07,
        13.887441635131836
      ],
      "world_to_camera": [
        [
          -0.8342533111572266,
          0.5513815879821777,
          0.0,
          5.169271730665059e-07
        ],
        [
          -0.1824939101934433,
          -0.27611759305000305,
          -0.9436392784118652,
          9.910831977322232e-07
        ],
        [
          -0.5203052163124084,
          -0.7872340679168701,
          0.3309757113456726,
          13.887441635131836
        ],
        [
          0.0,
          0.0,
          0.0,
          1.0
        ]
      ],
      "blender_world_to_camera": [
        [
          -0.8342533111572266,
          0.5513815879821777,
          0.0,
          5.169271730665059e-07
        ],
        [
          0.1824939101934433,
          0.27611759305000305,
          0.9436392784118652,
          -9.910831977322232e-07
        ],
        [
          0.5203052163124084,
          0.7872340679168701,
          -0.3309757113456726,
          -13.887441635131836
        ],
        [
          -0.0,
          -0.0,
          -0.0,
          1.0
        ]
      ],
      "camera_to_world": [
        [
          -0.8342531323432922,
          0.1824938952922821,
          0.5203052759170532,
          7.225710391998291
        ],
        [
          0.5513814687728882,
          0.27611756324768066,
          0.7872340679168701,
          10.93266773223877
        ],
        [
          1.906261370976381e-09,
          0.9436392188072205,
          -0.330975741147995,
          -4.596405506134033
        ],
        [
          0.0,
          0.0,
          0.0,
          1.0
        ]
      ]
    },
    {
      "image_id": 7,
      "file_name": "0006.png",
      "camera_id": 1,
      "camera_center_world": [
        -2.4062118530273438,
        10.34171199798584,
        8.950987815856934
      ],
      "quaternion_wxyz_world_to_camera": [
        0.048082586377859116,
        0.10342209786176682,
        -0.9008734822273254,
        0.41883042454719543
      ],
      "translation_world_to_camera": [
        -5.187473561818479e-09,
        -4.91446598971379e-07,
        13.887443542480469
      ],
      "world_to_camera": [
        [
          -0.973983883857727,
          -0.22661736607551575,
          -7.450580596923828e-09,
          -5.187473561818479e-09
        ],
        [
          -0.14606353640556335,
          0.6277698278427124,
          -0.7645719647407532,
          -4.91446598971379e-07
        ],
        [
          0.17326530814170837,
          -0.7446809411048889,
          -0.6445383429527283,
          13.887443542480469
        ],
        [
          0.0,
          0.0,
          0.0,
          1.0
        ]
      ],
      "blender_world_to_camera": [
        [
          -0.973983883857727,
          -0.22661736607551575,
          -7.450580596923828e-09,
          -5.187473561818479e-09
        ],
        [
          0.14606353640556335,
          -0.6277698278427124,
          0.7645719647407532,
          4.91446598971379e-07
        ],
        [
          -0.17326530814170837,
          0.7446809411048889,
          0.6445383429527283,
          -13.887443542480469
        ],
        [
          0.0,
          0.0,
          -0.0,
          1.0
        ]
      ],
      "camera_to_world": [
        [
          -0.973983883857727,
          0.14606356620788574,
          -0.173265278339386,
          -2.4062118530273438
        ],
        [
          -0.22661735117435455,
          -0.627769947052002,
          0.7446807622909546,
          10.34171199798584
        ],
        [
          -1.173942543175599e-08,
          0.7645721435546875,
          0.6445382237434387,
          8.950987815856934
        ],
        [
          0.0,
          0.0,
          0.0,
          1.0
        ]
      ]
    },
    {
      "image_id": 8,
      "file_name": "0007.png",
      "camera_id": 1,
      "camera_center_world": [
        -4.557710647583008,
        9.750757217407227,
        -8.775594711303711
      ],
      "quaternion_wxyz_world_to_camera": [
        0.19591344892978668,
        0.09304525703191757,
        -0.41879382729530334,
        0.8818005323410034
      ],
      "translation_world_to_camera": [
        8.006445568753406e-07,
        1.3968880239190185e-06,
        13.887441635131836
      ],
      "world_to_camera": [
        [
          -0.9059210419654846,
          -0.4234467148780823,
          8.940696716308594e-08,
          8.006445568753406e-07
        ],
        [
          0.267579585313797,
          -0.57245934009552,
          -0.7750427722930908,
          1.3968880239190185e-06
        ],
        [
          0.32818934321403503,
          -0.7021275758743286,
          0.631908655166626,
          13.887441635131836
        ],
        [
          0.0,
          0.0,
          0.0,
          1.0
        ]
      ],
      "blender_world_to_camera": [
        [
          -0.9059210419654846,
          -0.4234467148780823,
          8.940696716308594e-08,
          8.006445568753406e-07
        ],
        [
          -0.267579585313797,
          0.57245934009552,
          0.7750427722930908,
          -1.3968880239190185e-06
        ],
        [
          -0.32818934321403503,
          0.7021275758743286,
          -0.631908655166626,
          -13.887441635131836
        ],
        [
          0.0,
          0.0,
          -0.0,
          1.0
        ]
      ],
      "camera_to_world": [
        [
          -0.9059209823608398,
          -0.267579585313797,
          -0.3281893730163574,
          -4.557710647583008
        ],
        [
          -0.4234466552734375,
          0.5724593997001648,
          0.7021275758743286,
          9.750757217407227
        ],
        [
          8.74227694680485e-08,
          0.7750428318977356,
          -0.6319087147712708,
          -8.775594711303711
        ],
        [
          0.0,
          0.0,
          0.0,
          1.0
        ]
      ]
    },
    {
      "image_id": 9,
      "file_name": "0008.png",
      "camera_id": 1,
      "camera_center_world": [
        9.804961204528809,
        9.159802436828613,
        3.5807559490203857
      ],
      "quaternion_wxyz_world_to_camera": [
        0.24265143275260925,
        0.3158983588218689,
        0.7274124622344971,
        -0.5587482452392578
      ],
      "translation_world_to_camera": [
        9.574822570357355e-07,
        -8.481814575134194e-07,
        13.887443542480469
      ],
      "world_to_camera": [
        [
          -0.6826570630073547,
          0.7307389378547668,
          2.2351743567128324e-08,
          9.574822570357355e-07
        ],
        [
          0.18841469287872314,
          0.17601722478866577,
          -0.9661871790885925,
          -8.481814575134194e-07
        ],
        [
          -0.7060307264328003,
          -0.659574568271637,
          -0.2578413486480713,
          13.887443542480469
        ],
        [
          0.0,
          0.0,
          0.0,
          1.0
        ]
      ],
      "blender_world_to_camera": [
        [
          -0.6826570630073547,
          0.7307389378547668,
          2.2351743567128324e-08,
          9.574822570357355e-07
        ],
        [
          -0.18841469287872314,
          -0.17601722478866577,
          0.9661871790885925,
          8.481814575134194e-07
        ],
        [
          0.7060307264328003,
          0.659574568271637,
          0.2578413486480713,
          -13.887443542480469
        ],
        [
          -0.0,
          0.0,
          -0.0,
          1.0
        ]
      ],
      "camera_to_world": [
        [
          -0.68265700340271,
          -0.18841469287872314,
          0.7060306072235107,
          9.804961204528809
        ],
        [
          0.7307389378547668,
          -0.17601720988750458,
          0.6595744490623474,
          9.159802436828613
        ],
        [
          3.3369836671681696e-08,
          0.9661872982978821,
          0.2578413188457489,
          3.5807559490203857
        ],
        [
          0.0,
          0.0,
          0.0,
          1.0
        ]
      ]
    },
    {
      "image_id": 10,
      "file_name": "0009.png",
      "camera_id": 1,
      "camera_center_world": [
        -10.1018705368042,
        8.56884765625,
        4.169905662536621
      ],
      "quaternion_wxyz_world_to_camera": [
        0.2485443502664566,
        0.33880728483200073,
        -0.731670618057251,
        0.5367434024810791
      ],
      "translation_world_to_camera": [
        -2.9688317226828076e-06,
        -5.730457246500009e-07,
        13.887443542480469
      ],
      "world_to_camera": [
        [
          -0.6468707323074341,
          -0.7625997066497803,
          -4.470348358154297e-08,
          -2.9688317226828076e-06
        ],
        [
          -0.2289816290140152,
          0.19423235952854156,
          -0.9538560509681702,
          -5.730457246500009e-07
        ],
        [
          0.7274103760719299,
          -0.6170214414596558,
          -0.3002645671367645,
          13.887443542480469
        ],
        [
          0.0,
          0.0,
          0.0,
          1.0
        ]
      ],
      "blender_world_to_camera": [
        [
          -0.6468707323074341,
          -0.7625997066497803,
          -4.470348358154297e-08,
          -2.9688317226828076e-06
        ],
        [
          0.2289816290140152,
          -0.19423235952854156,
          0.9538560509681702,
          5.730457246500009e-07
        ],
        [
          -0.7274103760719299,
          0.6170214414596558,
          0.3002645671367645,
          -13.887443542480469
        ],
        [
          0.0,
          0.0,
          -0.0,
          1.0
        ]
      ],
      "camera_to_world": [
        [
          -0.6468706727027893,
          0.2289816290140152,
          -0.7274103164672852,
          -10.1018705368042
        ],
        [
          -0.762599766254425,
          -0.19423235952854156,
          0.6170214414596558,
          8.56884765625
        ],
        [
          -4.5265650783221645e-08,
          0.9538559913635254,
          0.30026453733444214,
          4.169905662536621
        ],
        [
          0.0,
          0.0,
          0.0,
          1.0
        ]
      ]
    },
    {
      "image_id": 11,
      "file_name": "0010.png",
      "camera_id": 1,
      "camera_center_world": [
        4.817961692810059,
        7.9778923988342285,
        -10.29570484161377
      ],
      "quaternion_wxyz_world_to_camera": [
        0.25036847591400146,
        0.09648852795362473,
        0.3464187979698181,
        -0.8988879919052124
      ],
      "translation_world_to_camera": [
        -1.739287881719065e-06,
        -2.080830512340981e-07,
        13.887443542480469
      ],
      "world_to_camera": [
        [
          -0.8560112714767456,
          0.5169573426246643,
          -8.940698137394065e-08,
          -1.739287881719065e-06
        ],
        [
          -0.3832555115222931,
          -0.6346193552017212,
          -0.6710987687110901,
          -2.080830512340981e-07
        ],
        [
          -0.3469294309616089,
          -0.5744680166244507,
          0.7413679957389832,
          13.887443542480469
        ],
        [
          0.0,
          0.0,
          0.0,
          1.0
        ]
      ],
      "blender_world_to_camera": [
        [
          -0.8560112714767456,
          0.5169573426246643,
          -8.940698137394065e-08,
          -1.739287881719065e-06
        ],
        [
          0.3832555115222931,
          0.6346193552017212,
          0.6710987687110901,
          2.080830512340981e-07
        ],
        [
          0.3469294309616089,
          0.5744680166244507,
          -0.7413679957389832,
          -13.887443542480469
        ],
        [
          -0.0,
          0.0,
          0.0,
          1.0
        ]
      ],
      "camera_to_world": [
        [
          -0.856011152267456,
          0.3832555115222931,
          0.3469294607639313,
          4.817961692810059
        ],
        [
          0.5169572234153748,
          0.6346192955970764,
          0.5744680166244507,
          7.9778923988342285
        ],
        [
          -8.74227694680485e-08,
          0.6710987687110901,
          -0.7413679361343384,
          -10.29570484161377
        ],
        [
          0.0,
          0.0,
          0.0,
          1.0
        ]
      ]
    },
    {
      "image_id": 12,
      "file_name": "0011.png",
      "camera_id": 1,
      "camera_center_world": [
        3.5195350646972656,
        7.386937141418457,
        11.220832824707031
      ],
      "quaternion_wxyz_world_to_camera": [
        0.06831918656826019,
        0.20963869988918304,
        0.9273853898048401,
        -0.30222582817077637
      ],
      "translation_world_to_camera": [
        7.781089834679733e-07,
        1.2914202898173244e-06,
        13.887443542480469
      ],
      "world_to_camera": [
        [
          -0.9027683138847351,
          0.43012744188308716,
          -1.4901162970204496e-08,
          7.781089834679733e-07
        ],
        [
          0.3475360572338104,
          0.7294223308563232,
          -0.5892043709754944,
          1.2914202898173244e-06
        ],
        [
          -0.2534329295158386,
          -0.5319149494171143,
          -0.8079841136932373,
          13.887443542480469
        ],
        [
          0.0,
          0.0,
          0.0,
          1.0
        ]
      ],
      "blender_world_to_camera": [
        [
          -0.9027683138847351,
          0.43012744188308716,
          -1.4901162970204496e-08,
          7.781089834679733e-07
        ],
        [
          -0.3475360572338104,
          -0.7294223308563232,
          0.5892043709754944,
          -1.2914202898173244e-06
        ],
        [
          0.2534329295158386,
          0.5319149494171143,
          0.8079841136932373,
          -13.887443542480469
        ],
        [
          -0.0,
          -0.0,
          -0.0,
          1.0
        ]
      ],
      "camera_to_world": [
        [
          -0.9027681350708008,
          -0.3475360870361328,
          0.25343289971351624,
          3.5195350646972656
        ],
        [
          0.43012735247612,
          -0.7294223308563232,
          0.5319149494171143,
          7.386937141418457
        ],
        [
          -1.8823616443341962e-08,
          0.5892043113708496,
          0.8079840540885925,
          11.220832824707031
        ],
        [
          0.0,
          0.0,
          0.0,
          1.0
        ]
      ]
    },
    {
      "image_id": 13,
      "file_name": "0012.png",
      "camera_id": 1,
      "camera_center_world": [
        -10.47854995727539,
        6.795982360839844,
        -6.072534084320068
      ],
      "quaternion_wxyz_world_to_camera": [
        0.4047201871871948,
        0.253242552280426,
        -0.4660838842391968,
        0.7448728680610657
      ],
      "translation_world_to_camera": [
        -2.055707000181428e-06,
        1.200191718453425e-06,
        13.887443542480469
      ],
      "world_to_camera": [
        [
          -0.5441397428512573,
          -0.8389947414398193,
          -4.4703490686970326e-08,
          -2.055707000181428e-06
        ],
        [
          0.3668656349182129,
          -0.23793485760688782,
          -0.8993312120437622,
          1.200191718453425e-06
        ],
        [
          0.7545341849327087,
          -0.4893617630004883,
          0.43726807832717896,
          13.887443542480469
        ],
        [
          0.0,
          0.0,
          0.0,
          1.0
        ]
      ],
      "blender_world_to_camera": [
        [
          -0.5441397428512573,
          -0.8389947414398193,
          -4.4703490686970326e-08,
          -2.055707000181428e-06
        ],
        [
          -0.3668656349182129,
          0.23793485760688782,
          0.8993312120437622,
          -1.200191718453425e-06
        ],
        [
          -0.7545341849327087,
          0.4893617630004883,
          -0.43726807832717896,
          -13.887443542480469
        ],
        [
          -0.0,
          0.0,
          -0.0,
          1.0
        ]
      ],
      "camera_to_world": [
        [
          -0.544139564037323,
          -0.3668655753135681,
          -0.7545340657234192,
          -10.47854995727539
        ],
        [
          -0.8389946222305298,
          0.23793485760688782,
          0.48936179280281067,
          6.795982360839844
        ],
        [
          -3.661142500277492e-08,
          0.8993312120437622,
          -0.43726807832717896,
          -6.072534084320068
        ],
        [
          0.0,
          0.0,
          0.0,
          1.0
        ]
      ]
    },
    {
      "image_id": 14,
      "file_name": "0013.png",
      "camera_id": 1,
      "camera_center_world": [
        12.134334564208984,
        6.2050275802612305,
        -2.6676993370056152
      ],
      "quaternion_wxyz_world_to_camera": [
        0.40291091799736023,
        0.33169126510620117,
        0.5421565771102905,
        -0.6585665941238403
      ],
      "translation_world_to_camera": [
        -1.9343819985806476e-06,
        -6.368239269249898e-07,
        13.887441635131836
      ],
      "world_to_camera": [
        [
          -0.45528748631477356,
          0.890344500541687,
          -2.2351741790771484e-08,
          -1.9343819985806476e-06
        ],
        [
          -0.17103010416030884,
          -0.08745815604925156,
          -0.9813764691352844,
          -6.368239269249898e-07
        ],
        [
          -0.8737631440162659,
          -0.446808397769928,
          0.19209431111812592,
          13.887441635131836
        ],
        [
          0.0,
          0.0,
          0.0,
          1.0
        ]
      ],
      "blender_world_to_camera": [
        [
          -0.45528748631477356,
          0.890344500541687,
          -2.2351741790771484e-08,
          -1.9343819985806476e-06
        ],
        [
          0.17103010416030884,
          0.08745815604925156,
          0.9813764691352844,
          6.368239269249898e-07
        ],
        [
          0.8737631440162659,
          0.446808397769928,
          -0.19209431111812592,
          -13.887441635131836
        ],
        [
          -0.0,
          0.0,
          0.0,
          1.0
        ]
      ],
      "camera_to_world": [
        [
          -0.45528745651245117,
          0.17103010416030884,
          0.8737631440162659,
          12.134334564208984
        ],
        [
          0.890344500541687,
          0.08745814859867096,
          0.446808397769928,
          6.2050275802612305
        ],
        [
          -2.313817937249496e-08,
          0.9813764691352844,
          -0.19209431111812592,
          -2.6676993370056152
        ],
        [
          0.0,
          0.0,
          0.0,
          1.0
        ]
      ]
    },
    {
      "image_id": 15,
      "file_name": "0014.png",
      "camera_id": 1,
      "camera_center_world": [
        -7.305349349975586,
        5.614072322845459,
        10.391107559204102
      ],
      "quaternion_wxyz_world_to_camera": [
        0.15680664777755737,
        0.41320857405662537,
        -0.8386760354042053,
        0.3182653486728668
      ],
      "translation_world_to_camera": [
        -6.584792231478787e-07,
        -8.753198699196219e-08,
        13.887442588806152
      ],
      "world_to_camera": [
        [
          -0.6093406677246094,
          -0.7929085493087769,
          1.4901161193847656e-08,
          -6.584792231478787e-07
        ],
        [
          -0.5932840704917908,
          0.4559316337108612,
          -0.6634307503700256,
          -8.753198699196219e-08
        ],
        [
          0.5260398983955383,
          -0.40425533056259155,
          -0.7482377290725708,
          13.887442588806152
        ],
        [
          0.0,
          0.0,
          0.0,
          1.0
        ]
      ],
      "blender_world_to_camera": [
        [
          -0.6093406677246094,
          -0.7929085493087769,
          1.4901161193847656e-08,
          -6.584792231478787e-07
        ],
        [
          0.5932840704917908,
          -0.4559316337108612,
          0.6634307503700256,
          8.753198699196219e-08
        ],
        [
          -0.5260398983955383,
          0.40425533056259155,
          0.7482377290725708,
          -13.887442588806152
        ],
        [
          0.0,
          0.0,
          -0.0,
          1.0
        ]
      ],
      "camera_to_world": [
        [
          -0.6093406677246094,
          0.5932840704917908,
          -0.5260398983955383,
          -7.305349349975586
        ],
        [
          -0.7929085493087769,
          -0.4559316337108612,
          0.40425533056259155,
          5.614072322845459
        ],
        [
          -6.270184371715004e-10,
          0.6634307503700256,
          0.748237669467926,
          10.391107559204102
        ],
        [
          0.0,
          0.0,
          0.0,
          1.0
        ]
      ]
    },
    {
      "image_id": 16,
      "file_name": "0015.png",
      "camera_id": 1,
      "camera_center_world": [
        -1.6638504266738892,
        5.023117542266846,
        -12.839818954467773
      ],
      "quaternion_wxyz_world_to_camera": [
        0.15621891617774963,
        0.0309284720569849,
        -0.19173367321491241,
        0.9684406518936157
      ],
      "translation_world_to_camera": [
        -1.2392378039294272e-06,
        -1.1529620280725794e-07,
        13.887444496154785
      ],
      "world_to_camera": [
        [
          -0.9492781758308411,
          -0.3144375681877136,
          -8.195640077701682e-08,
          -1.2392378039294272e-06
        ],
        [
          0.2907174527645111,
          -0.8776678442955017,
          -0.3810286223888397,
          -1.1529620280725794e-07
        ],
        [
          0.11980964243412018,
          -0.36170220375061035,
          0.9245634078979492,
          13.887444496154785
        ],
        [
          0.0,
          0.0,
          0.0,
          1.0
        ]
      ],
      "blender_world_to_camera": [
        [
          -0.9492781758308411,
          -0.3144375681877136,
          -8.195640077701682e-08,
          -1.2392378039294272e-06
        ],
        [
          -0.2907174527645111,
          0.8776678442955017,
          0.3810286223888397,
          1.1529620280725794e-07
        ],
        [
          -0.11980964243412018,
          0.36170220375061035,
          -0.9245634078979492,
          -13.887444496154785
        ],
        [
          -0.0,
          0.0,
          -0.0,
          1.0
        ]
      ],
      "camera_to_world": [
        [
          -0.9492781758308411,
          -0.2907174229621887,
          -0.11980961263179779,
          -1.6638504266738892
        ],
        [
          -0.31443753838539124,
          0.8776676654815674,
          0.3617021143436432,
          5.023117542266846
        ],
        [
          -8.742277657347586e-08,
          0.38102859258651733,
          -0.9245631694793701,
          -12.839818954467773
        ],
        [
          0.0,
          0.0,
          0.0,
          1.0
        ]
      ]
    },
    {
      "image_id": 17,
      "file_name": "0016.png",
      "camera_id": 1,
      "camera_center_world": [
        10.063693046569824,
        4.432162284851074,
        8.481690406799316
      ],
      "quaternion_wxyz_world_to_camera": [
        0.24102076888084412,
        0.49028775095939636,
        0.7516586184501648,
        -0.36950811743736267
      ],
      "translation_world_to_camera": [
        -6.599776725124684e-07,
        -7.246766813295835e-07,
        13.887442588806152
      ],
      "world_to_camera": [
        [
          -0.40305382013320923,
          0.9151763319969177,
          1.4901162970204496e-08,
          -6.599776725124684e-07
        ],
        [
          0.5589397549629211,
          0.2461632639169693,
          -0.7918270826339722,
          -7.246766813295835e-07
        ],
        [
          -0.7246614098548889,
          -0.3191489279270172,
          -0.6107454895973206,
          13.887442588806152
        ],
        [
          0.0,
          0.0,
          0.0,
          1.0
        ]
      ],
      "blender_world_to_camera": [
        [
          -0.40305382013320923,
          0.9151763319969177,
          1.4901162970204496e-08,
          -6.599776725124684e-07
        ],
        [
          -0.5589397549629211,
          -0.2461632639169693,
          0.7918270826339722,
          7.246766813295835e-07
        ],
        [
          0.7246614098548889,
          0.3191489279270172,
          0.6107454895973206,
          -13.887442588806152
        ],
        [
          -0.0,
          0.0,
          -0.0,
          1.0
        ]
      ],
      "camera_to_world": [
        [
          -0.40305379033088684,
          -0.5589396953582764,
          0.7246613502502441,
          10.063693046569824
        ],
        [
          0.915176272392273,
          -0.2461632490158081,
          0.31914886832237244,
          4.432162284851074
        ],
        [
          2.5837140427142913e-08,
          0.7918270826339722,
          0.610745370388031,
          8.481690406799316
        ],
        [
          0.0,
          0.0,
          0.0,
          1.0
        ]
      ]
    },
    {
      "image_id": 18,
      "file_name": "0017.png",
      "camera_id": 1,
      "camera_center_world": [
        -13.334246635437012,
        3.841207504272461,
        0.5514129400253296
      ],
      "quaternion_wxyz_world_to_camera": [
        0.4166747033596039,
        0.4335610568523407,
        -0.5760883092880249,
        0.5536509156227112
      ],
      "translation_world_to_camera": [
        -1.1937099770875648e-06,
        1.4452067489401088e-06,
        13.887441635131836
      ],
      "world_to_camera": [
        [
          -0.2768141031265259,
          -0.9609235525131226,
          1.341104507446289e-07,
          -1.1937099770875648e-06
        ],
        [
          -0.0381542332470417,
          0.010990984737873077,
          -0.9992113709449768,
          1.4452067489401088e-06
        ],
        [
          0.9601656794548035,
          -0.276595801115036,
          -0.039705757051706314,
          13.887441635131836
        ],
        [
          0.0,
          0.0,
          0.0,
          1.0
        ]
      ],
      "blender_world_to_camera": [
        [
          -0.2768141031265259,
          -0.9609235525131226,
          1.341104507446289e-07,
          -1.1937099770875648e-06
        ],
        [
          0.0381542332470417,
          -0.010990984737873077,
          0.9992113709449768,
          -1.4452067489401088e-06
        ],
        [
          -0.9601656794548035,
          0.276595801115036,
          0.039705757051706314,
          -13.887441635131836
        ],
        [
          -0.0,
          0.0,
          -0.0,
          1.0
        ]
      ],
      "camera_to_world": [
        [
          -0.2768141031265259,
          0.0381542332470417,
          -0.9601657390594482,
          -13.334246635437012
        ],
        [
          -0.960923433303833,
          -0.010990985669195652,
          0.2765958309173584,
          3.841207504272461
        ],
        [
          1.3444639535009628e-07,
          0.9992114305496216,
          0.03970576077699661,
          0.5514129400253296
        ],
        [
          0.0,
          0.0,
          0.0,
          1.0
        ]
      ]
    },
    {
      "image_id": 19,
      "file_name": "0018.png",
      "camera_id": 1,
      "camera_center_world": [
        9.570428848266602,
        3.2502524852752686,
        -9.52385425567627
      ],
      "quaternion_wxyz_world_to_camera": [
        0.5347151756286621,
        0.2308509349822998,
        0.32220080494880676,
        -0.7463070154190063
      ],
      "translation_world_to_camera": [
        -1.263703211407119e-06,
        -2.2150121026243141e-07,
        13.887443542480469
      ],
      "world_to_camera": [
        [
          -0.32157501578330994,
          0.9468840956687927,
          2.980232594040899e-08,
          -1.263703211407119e-06
        ],
        [
          -0.6493626236915588,
          -0.22053255140781403,
          -0.7278004288673401,
          -2.2150121026243141e-07
        ],
        [
          -0.6891427636146545,
          -0.23404249548912048,
          0.6857890486717224,
