[{"id": 0, "img_name": "0000.png", "width": 512, "height": 512, "position": [-9.882883027192235e-14, 13.744632237731674, -5.672321487747606e-07], "rotation": [[-1.0000000684570807, 2.9923544145766533e-15, 8.742278582883015e-08], [-8.742278582883016e-08, -3.4228542234509265e-08, -1.0000000342285382], [-2.9923544145766533e-15, -1.0000000342285422, -3.4228542234509265e-08]], "fy": 711.111111111111, "fx": 711.111111111111}, {"id": 1, "img_name": "0001.png", "width": 512, "height": 512, "position": [-2.9250205469873745, 13.159752256470599, 2.6795590334366555], "rotation": [[-0.9761770836508514, -0.04229996289985528, 0.21281185056060797], [-0.21697504603147236, 0.19030885879332154, -0.9574467682805562], [-1.0600639452175932e-08, -0.980812519205333, -0.19495313053534052]], "fy": 711.111111111111, "fx": 711.111111111111}, {"id": 2, "img_name": "0002.png", "width": 512, "height": 512, "position": [0.4850938236964433, 12.574875535520617, -5.5273961762138], "rotation": [[-0.999256675942566, -0.01550187133525398, -0.03529336048320712], [0.03854775361916437, -0.40185045299175853, -0.9148935279755102], [-9.26092965415548e-08, -0.9155740214890682, 0.40214942677070753]], "fy": 711.111111111111, "fx": 711.111111111111}, {"id": 3, "img_name": "0003.png", "width": 512, "height": 512, "position": [4.0885490642473, 11.98999831810227, 5.332787272842481], "rotation": [[-0.9464848319641427, 0.12522323387520745, -0.2974651073834715], [0.3227481191468428, 0.36722719198422094, -0.8723404174110726], [-2.0755690172380662e-08, -0.9216633300503954, -0.38799049528262697]], "fy": 711.111111111111, "fx": 711.111111111111}, {"id": 4, "img_name": "0004.png", "width": 512, "height": 512, "position": [-7.553344763034494, 11.40511943165251, -1.3360803874035114], "rotation": [[-0.8337356888414512, 0.05367446343887826, 0.5495487816723748], [-0.5521637542097841, -0.08104537358327231, -0.8297872269662566], [5.919834364292572e-10, -0.9952641385451106, 0.09720750795283124]], "fy": 711.111111111111, "fx": 711.111111111111}, {"id": 5, "img_name": "0005.png", "width": 512, "height": 512, "position": [7.151405473007778, 10.820241220470875, -4.549138294536182], "rotation": [[-0.8342532337549073, -0.18249387060905797, -0.5203052733502045], [0.5513815287855639, -0.2761174793739256, -0.7872341334779296], [3.03642668507077e-08, -0.9436393158345919, 0.33097561728037583]], "fy": 711.111111111111, "fx": 711.111111111111}, {"id": 6, "img_name": "0006.png", "width": 512, "height": 512, "position": [-2.3814681340211585, 10.235364807152989, 8.85894129918197], "rotation": [[-0.97398393353593, -0.14606355346433017, 0.17326532732245922], [-0.22661737643611124, 0.6277697614370452, -0.744680950046153], [6.502064351427201e-09, -0.7645721620709193, -0.6445382254210562]], "fy": 711.111111111111, "fx": 711.111111111111}, {"id": 7, "img_name": "0007.png", "width": 512, "height": 512, "position": [-4.510841657574238, 9.650485794000302, -8.685351546806203], "rotation": [[-0.9059209966557662, 0.2675797180707275, 0.3281892386102267], [-0.423446669442986, -0.5724593241091538, -0.7021276137298523], [-1.1353818059929476e-07, -0.7750428132055184, 0.6319087156863583]], "fy": 711.111111111111, "fx": 711.111111111111}, {"id": 8, "img_name": "0008.png", "width": 512, "height": 512, "position": [9.704134644254873, 9.06560900875715, 3.5439343415126348], "rotation": [[-0.6826570563927741, 0.18841469300483465, -0.7060306858696035], [0.7307389588147104, 0.17601721499798104, -0.6595745253796372], [4.064006866261923e-08, -0.9661872923606866, -0.2578413810976524]], "fy": 711.111111111111, "fx": 711.111111111111}, {"id": 9, "img_name": "0009.png", "width": 512, "height": 512, "position": [-9.997991026151041, 8.48072993362426, 4.127026018866937], "rotation": [[-0.6468705148744631, -0.22898157124739207, 0.7274105514662341], [-0.7625999412243193, 0.19423210891681492, -0.617021298468919], [-8.497225632217162e-09, -0.9538560652156496, -0.3002644037365088]], "fy": 711.111111111111, "fx": 711.111111111111}, {"id": 10, "img_name": "0010.png", "width": 512, "height": 512, "position": [4.768416938772865, 7.895853393494675, -10.189830834579666], "rotation": [[-0.8560111613645554, -0.3832555292705034, -0.3469294365917196], [0.5169572851699226, -0.6346192721835279, -0.5744680100272394], [-7.063756422504662e-08, -0.6710987472186932, 0.7413679677113983]], "fy": 711.111111111111, "fx": 711.111111111111}, {"id": 11, "img_name": "0011.png", "width": 512, "height": 512, "position": [3.4833418996310086, 7.310974010673845, 11.105443875131062], "rotation": [[-0.9027681863533783, 0.3475360741498884, -0.25343291023294817], [0.4301273797663412, 0.729422334068233, -0.5319149276044678], [-3.399041308057551e-09, -0.5892043195680151, -0.8079840548276662]], "fy": 711.111111111111, "fx": 711.111111111111}, {"id": 12, "img_name": "0012.png", "width": 512, "height": 512, "position": [-10.370796361312653, 6.726096704433046, -6.010088732290193], "rotation": [[-0.5441396762220191, 0.36686559188131446, 0.7545341171883453], [-0.8389946939686896, -0.23793501264331532, -0.48936172754965673], [8.443032155613705e-08, -0.8993312150657136, 0.4372681055465415]], "fy": 711.111111111111, "fx": 711.111111111111}, {"id": 13, "img_name": "0013.png", "width": 512, "height": 512, "position": [12.009549560631365, 6.141218987172456, -2.6402653014590864], "rotation": [[-0.4552875179096634, -0.17102999321751755, -0.8737628615606848], [0.8903442013191846, -0.08745790505228732, -0.44680863905162], [6.526086248658377e-08, -0.9813763285171866, 0.1920943408591971]], "fy": 711.111111111111, "fx": 711.111111111111}, {"id": 14, "img_name": "0014.png", "width": 512, "height": 512, "position": [-7.230226647692363, 5.5563409111520174, 10.284253331472627], "rotation": [[-0.6093407112981726, -0.5932840219124764, 0.5260399531984897], [-0.7929085464400738, 0.45593166327774726, -0.40425533705087724], [-4.926605782953614e-08, -0.663430787569574, -0.7482377036863318]], "fy": 711.111111111111, "fx": 711.111111111111}, {"id": 15, "img_name": "0015.png", "width": 512, "height": 512, "position": [-1.6467400306825108, 4.971461899075764, -12.707779639190095], "rotation": [[-0.9492781322039108, 0.29071742420508784, 0.11980960135348749], [-0.3144375316544022, -0.8776676707899582, -0.3617021348710229], [-9.718020654071036e-08, -0.38102857497401393, 0.9245632604010076]], "fy": 711.111111111111, "fx": 711.111111111111}, {"id": 16, "img_name": "0016.png", "width": 512, "height": 512, "position": [9.960203548884234, 4.386584938612022, 8.39447211877132], "rotation": [[-0.40305381214167674, 0.558939754974246, -0.7246612493013112], [0.9151762540241108, 0.2461633678868689, -0.31914885911632324], [5.6042639013262744e-08, -0.791826951116331, -0.6107454655622844]], "fy": 711.111111111111, "fx": 711.111111111111}, {"id": 17, "img_name": "0017.png", "width": 512, "height": 512, "position": [-13.197124288845014, 3.801706847004845, 0.5457421308130241], "rotation": [[-0.27681400608917, -0.03815430781324051, 0.960165731571379], [-0.9609235054304298, 0.010991090723114317, -0.27659572487402506], [5.8313560975788567e-08, -0.9992114026083696, -0.039705848144985005]], "fy": 711.111111111111, "fx": 711.111111111111}, {"id": 18, "img_name": "0018.png", "width": 512, "height": 512, "position": [9.472011874797703, 3.2168287692591067, -9.425918203039041], "rotation": [[-0.32157505542447695, -0.6493626985354471, -0.6891426598530866], [0.9468841111131949, -0.2205326314263954, -0.23404245765144327], [7.092100797728273e-09, -0.7278004380411672, 0.6857889842961161]], "fy": 711.111111111111, "fx": 711.111111111111}, {"id": 19, "img_name": "0019.png", "width": 512, "height": 512, "position": [-0.62313568889298, 2.631950771970724, 13.47588494912935], "rotation": [[-0.9730985871243901, -0.2258841299601877, 0.045336644285038134], [-0.23038891354164387, 0.9540716819135858, -0.19148935279377943], [-1.598963387464434e-09, -0.19678308755685436, -0.9804470041105187]], "fy": 711.111111111111, "fx": 711.111111111111}, {"id": 20, "img_name": "0020.png", "width": 512, "height": 512, "position": [-8.708092597614272, 2.0470725584080594, -10.435204746453506], "rotation": [[-0.22883908413433932, 0.7390740647975087, 0.6335631979819129], [-0.9734643286188658, -0.173739310565386, -0.1489361365266841], [-3.495896122381323e-08, -0.6508335413917774, 0.7592204725862364]], "fy": 711.111111111111, "fx": 711.111111111111}, {"id": 21, "img_name": "0021.png", "width": 512, "height": 512, "position": [13.544582991146914, 1.4621946422431105, 1.822403895817307], "rotation": [[-0.10733059708682265, 0.13182441345862533, -0.9854453012097392], [0.9942233741267925, 0.01423101322677669, -0.10638297846718406], [1.3359289253787222e-10, -0.991170913507808, -0.13259032532864665]], "fy": 711.111111111111, "fx": 711.111111111111}, {"id": 22, "img_name": "0022.png", "width": 512, "height": 512, "position": [-11.259390900492356, 0.8773159444444872, 7.833990620223709], "rotation": [[-0.07768323540465137, -0.5682447861807519, 0.8191845053919086], [-0.9969781295975156, 0.044276988110683875, -0.06382965447696538], [-1.831148687273539e-07, -0.8216674988490181, -0.569967220102806]], "fy": 711.111111111111, "fx": 711.111111111111}, {"id": 23, "img_name": "0023.png", "width": 512, "height": 512, "position": [3.01600806724671, 0.2924392420408418, -13.406456509428363], "rotation": [[-0.09650971172515792, -0.9708426202461738, -0.21943169403888954], [0.9953319354040806, -0.0941351652024426, -0.02127664430330707], [1.293306164242922e-08, -0.22046079910402688, 0.9753958331152662]], "fy": 711.111111111111, "fx": 711.111111111111}, {"id": 24, "img_name": "0024.png", "width": 512, "height": 512, "position": [6.8320225400516685, -0.2924375722647811, 11.922789287318587], "rotation": [[0.042764965554088666, 0.8666568747426102, -0.49706835694271334], [0.9990851265094248, -0.03709645414567874, 0.021276506286696913], [-6.064647359485498e-08, -0.4975235081817671, -0.8674504174388169]], "fy": 711.111111111111, "fx": 711.111111111111}, {"id": 25, "img_name": "0025.png", "width": 512, "height": 512, "position": [-13.067709724227239, -0.8773152452190979, -4.168954724675476], "rotation": [[0.06698511587930871, 0.30263370454501487, 0.9507500477052099], [-0.9977538836497092, 0.0203175202129793, 0.06382942129510302], [1.435989800772975e-07, -0.952890260331328, 0.3033150440236145]], "fy": 711.111111111111, "fx": 711.111111111111}, {"id": 26, "img_name": "0026.png", "width": 512, "height": 512, "position": [12.406449804032885, -1.4621944932011117, -5.7320938774266335], "rotation": [[0.11704752115128665, -0.4141756893076602, -0.9026395871796384], [0.9931262386813129, 0.048813724479850815, 0.10638294401076939], [-1.0666329819168761e-07, -0.9088869869902502, 0.41704237750222944]], "fy": 711.111111111111, "fx": 711.111111111111}, {"id": 27, "img_name": "0027.png", "width": 512, "height": 512, "position": [-5.247085125859924, -2.0470717450950917, 12.537641507031594], "rotation": [[0.3634545337145859, -0.8498021035363656, 0.3817552424180743], [-0.931611872127289, -0.3315375058962003, 0.14893605157852008], [4.748396789744636e-08, -0.4097792241847798, -0.9121845328869671]], "fy": 711.111111111111, "fx": 711.111111111111}, {"id": 28, "img_name": "0028.png", "width": 512, "height": 512, "position": [-4.565818307737909, -2.6319506323782913, -12.694134101022843], "rotation": [[0.49941260230153156, 0.8001483314417336, 0.3321892072392042], [-0.8663642546384278, 0.4612426478955338, 0.19148933322817718], [5.1190355290861493e-08, -0.38342904708222125, 0.9235703336122258]], "fy": 711.111111111111, "fx": 711.111111111111}, {"id": 29, "img_name": "0029.png", "width": 512, "height": 512, "position": [11.828693019737129, -3.216828921491862, 6.216831761539494], "rotation": [[0.2624203038613841, 0.43645780084313385, -0.8606045531186823], [0.9649536821865737, -0.11869518134091434, 0.23404248020187685], [6.709487406972423e-08, -0.8918610202198819, -0.45230959434567825]], "fy": 711.111111111111, "fx": 711.111111111111}, {"id": 30, "img_name": "0030.png", "width": 512, "height": 512, "position": [-12.772131450378309, -3.8017063116794407, 3.366692431047138], "rotation": [[0.285286430685161, -0.23476651179662456, 0.929244996589987], [-0.9584422667791055, -0.06987977924278732, 0.2765956025552316], [9.835690990112001e-08, -0.9695366888573154, -0.24494587269678866]], "fy": 711.111111111111, "fx": 711.111111111111}, {"id": 31, "img_name": "0031.png", "width": 512, "height": 512, "position": [7.044872043999728, -4.38658585552661, -10.956395340314224], "rotation": [[0.5285720346779128, -0.6766828811200924, -0.5125542918456167], [0.8488884636336783, 0.4213459112194528, 0.31914890472188756], [6.54125993948638e-08, -0.6037946053705167, 0.7971399393651566]], "fy": 711.111111111111, "fx": 711.111111111111}, {"id": 32, "img_name": "0032.png", "width": 512, "height": 512, "position": [2.170391595559823, -4.971461835362767, 12.628889794077523], "rotation": [[0.9164699985174423, 0.3676243835983269, -0.15790834516741234], [0.40010340274679, -0.8420740320678767, 0.36170208009116106], [-2.1111348112538903e-08, -0.39466877279027657, -0.9188233533688378]], "fy": 711.111111111111, "fx": 711.111111111111}, {"id": 33, "img_name": "0033.png", "width": 512, "height": 512, "position": [-9.939299716358944, -5.556340179938658, -7.697552274780705], "rotation": [[0.48795695174901477, 0.48884141325342456, 0.723140448617093], [-0.8728677080392702, 0.2732758089666794, 0.40425527631234726], [-8.639119667631709e-08, -0.8284651090133462, 0.5600406971624821]], "fy": 711.111111111111, "fx": 711.111111111111}, {"id": 34, "img_name": "0034.png", "width": 512, "height": 512, "position": [12.254373559602955, -6.141220917318989, -1.015251636554313], "rotation": [[0.44803247457256545, -0.06603678878516504, -0.8915750719778965], [0.8940173188733095, 0.033094148598750074, 0.44680859912364984], [1.6509892178932416e-07, -0.9972682854794904, 0.07386525139858999]], "fy": 711.111111111111, "fx": 711.111111111111}, {"id": 35, "img_name": "0035.png", "width": 512, "height": 512, "position": [-8.139740594578743, -6.726098613437051, 8.798819713053204], "rotation": [[0.6369919504701468, -0.49348340545110464, 0.5922123315759856], [-0.7708704930961389, -0.40777933608365163, 0.48936176467714276], [-9.386767039803726e-09, -0.7682384931768208, -0.6401639619193237]], "fy": 711.111111111111, "fx": 711.111111111111}, {"id": 36, "img_name": "0036.png", "width": 512, "height": 512, "position": [0.056777908086329945, -7.310975719230623, -11.63878579736503], "rotation": [[0.9999698450584853, -0.006576056213974237, -0.004130914439840797], [0.00776588497459461, 0.8467622109420373, 0.5319148686125914], [-1.2524201471522568e-10, -0.5319309089583529, 0.8467877457771769]], "fy": 711.111111111111, "fx": 711.111111111111}, {"id": 37, "img_name": "0037.png", "width": 512, "height": 512, "position": [7.558944078729776, -7.895851873868752, 8.332632888954544], "rotation": [[0.7223498501482288, 0.41923616690108717, -0.5499561008161196], [0.6915277843028301, -0.4379219574403592, 0.5744680948084535], [-6.746055403732553e-08, -0.7952768730308455, -0.6062463144795159]], "fy": 711.111111111111, "fx": 711.111111111111}, {"id": 38, "img_name": "0038.png", "width": 512, "height": 512, "position": [-10.770133517097015, -8.480730314889527, -0.9981736802414913], "rotation": [[0.6186548762269743, 0.05705699201074962, 0.7835882914557224], [-0.7856628480740376, 0.0449283725766464, 0.6170212696113124], [6.513402987249099e-08, -0.9973594425578222, 0.0726227334679015]], "fy": 711.111111111111, "fx": 711.111111111111}, {"id": 39, "img_name": "0039.png", "width": 512, "height": 512, "position": [8.229260253426204, -9.065607536730218, -6.245713250846991], "rotation": [[0.740435908116397, -0.3054220926407826, -0.5987253135038592], [0.6721269639758309, 0.33646241585549685, 0.6595743784922636], [-3.335893080193358e-08, -0.8907919857035923, 0.45441128575609097]], "fy": 711.111111111111, "fx": 711.111111111111}, {"id": 40, "img_name": "0040.png", "width": 512, "height": 512, "position": [-1.7516906390534548, -9.65048556574598, 9.628842519692792], "rotation": [[0.9839226769457821, -0.12511523920569728, 0.12744545461583498], [-0.17859498028706064, -0.6892899457756009, 0.7021277155220091], [-1.13030633713672e-08, -0.7136004994437658, -0.7005529624973486]], "fy": 711.111111111111, "fx": 711.111111111111}, {"id": 41, "img_name": "0041.png", "width": 512, "height": 512, "position": [-4.885833178941873, -10.235365131511797, -7.764074966314459], "rotation": [[0.902454508691682, 0.24334219072683175, 0.35547212831747965], [-0.43078516199874856, 0.5097789466139033, 0.7446808376555044], [6.648896241711063e-08, -0.8251726994889361, 0.5648805169469607]], "fy": 711.111111111111, "fx": 711.111111111111}, {"id": 42, "img_name": "0042.png", "width": 512, "height": 512, "position": [8.174267692156986, -10.82024221064775, 2.240227990623144], "rotation": [[0.7979037141869196, 0.09824750155218122, -0.594724372305821], [0.602784912365761, -0.1300497790265362, 0.787233977646488], [-1.987346341099093e-08, -0.9866277994135698, -0.16298930817556184]], "fy": 711.111111111111, "fx": 711.111111111111}, {"id": 43, "img_name": "0043.png", "width": 512, "height": 512, "position": [-6.824430344233241, -11.405119903099898, 3.502184625425652], "rotation": [[0.8581110747681382, -0.130832584966376, 0.49651606714130175], [-0.5134640885382826, -0.21864983921880363, 0.8297871803777179], [-2.0537000646548898e-08, -0.9669927453960907, -0.25480367762417844]], "fy": 711.111111111111, "fx": 711.111111111111}, {"id": 44, "img_name": "0044.png", "width": 512, "height": 512, "position": [2.335893330203551, -11.989997692805678, -6.300670222292906], "rotation": [[0.9815462233844766, -0.087659375436404, -0.16994952950923695], [0.19122502106761746, 0.44995007787031266, 0.8723404375233277], [-2.621304569546217e-08, -0.8887410655071593, 0.4584094675121007]], "fy": 711.111111111111, "fx": 711.111111111111}, {"id": 45, "img_name": "0045.png", "width": 512, "height": 512, "position": [2.0920736706868714, -12.57487377024551, 5.13912856279923], "rotation": [[0.986441443973398, 0.061362201018546725, -0.152210240492833], [0.1641136101142325, -0.36883125478652395, 0.9148935288934124], [-1.6656403004927525e-08, -0.927468666059359, -0.373900807704103]], "fy": 711.111111111111, "fx": 711.111111111111}, {"id": 46, "img_name": "0046.png", "width": 512, "height": 512, "position": [-3.5846542068074627, -13.15975370085121, -1.698834111488868], "rotation": [[0.9648450983267083, 0.03248440036161914, 0.26080394855039235], [-0.26281920752930044, 0.11925461597273647, 0.9574468084375698], [1.216312657557924e-08, -0.9923321473008744, 0.12359975625254667]], "fy": 711.111111111111, "fx": 711.111111111111}, {"id": 47, "img_name": "0047.png", "width": 512, "height": 512, "position": [0.0, -13.744632237731617, -1.508149592603859e-06], "rotation": [[1.0, 0.0, 0.0], [0.0, 3.422854412188872e-08, 1.0000000342285418], [-0.0, -1.0000000342285418, 3.422854412188871e-08]], "fy": 711.111111111111, "fx": 711.111111111111}]