[{"id": 0, "img_name": "0000.png", "width": 512, "height": 512, "position": [-6.012529044149996e-14, 14.104000574312115, -5.820630870380799e-07], "rotation": [[-1.0000000684570807, 2.9923544145766533e-15, 8.742278582883015e-08], [-8.742278582883016e-08, -3.4228542234509265e-08, -1.0000000342285382], [-2.9923544145766533e-15, -1.0000000342285422, -3.4228542234509265e-08]], "fy": 711.111111111111, "fx": 711.111111111111}, {"id": 1, "img_name": "0001.png", "width": 512, "height": 512, "position": [-3.0014985996835097, 13.50382925674754, 2.7496189582343566], "rotation": [[-0.9761770836508514, -0.04229996289985528, 0.21281185056060797], [-0.21697504603147236, 0.19030885879332154, -0.9574467682805562], [-1.0600639452175932e-08, -0.980812519205333, -0.19495313053534052]], "fy": 711.111111111111, "fx": 711.111111111111}, {"id": 2, "img_name": "0002.png", "width": 512, "height": 512, "position": [0.4977771122454954, 12.90365948237517, -5.671915505567244], "rotation": [[-0.999256675942566, -0.01550187133525398, -0.03529336048320712], [0.03854775361916437, -0.40185045299175853, -0.9148935279755102], [-9.26092965415548e-08, -0.9155740214890682, 0.40214942677070753]], "fy": 711.111111111111, "fx": 711.111111111111}, {"id": 3, "img_name": "0003.png", "width": 512, "height": 512, "position": [4.195448195779808, 12.30348809733028, 5.472218062396208], "rotation": [[-0.9464848319641427, 0.12522323387520745, -0.2974651073834715], [0.3227481191468428, 0.36722719198422094, -0.8723404174110726], [-2.0755690172380662e-08, -0.9216633300503954, -0.38799049528262697]], "fy": 711.111111111111, "fx": 711.111111111111}, {"id": 4, "img_name": "0004.png", "width": 512, "height": 512, "position": [-7.750835717698661, 11.703319468262919, -1.3710137465925587], "rotation": [[-0.8337356888414512, 0.05367446343887826, 0.5495487816723748], [-0.5521637542097841, -0.08104537358327231, -0.8297872269662566], [5.919834364292572e-10, -0.9952641385451106, 0.09720750795283124]], "fy": 711.111111111111, "fx": 711.111111111111}, {"id": 5, "img_name": "0005.png", "width": 512, "height": 512, "position": [7.338386331823087, 11.103148479935557, -4.668080447495739], "rotation": [[-0.8342532337549073, -0.18249387060905797, -0.5203052733502045], [0.5513815287855639, -0.2761174793739256, -0.7872341334779296], [3.03642668507077e-08, -0.9436393158345919, 0.33097561728037583]], "fy": 711.111111111111, "fx": 711.111111111111}, {"id": 6, "img_name": "0006.png", "width": 512, "height": 512, "position": [-2.443733844706487, 10.502978943851133, 9.090568188008808], "rotation": [[-0.9739838287030191, -0.14606354634478338, 0.1732652855055282], [-0.22661733987523294, 0.6277699058161014, -0.7446808115067076], [-8.110264799441244e-09, -0.7645720176592922, -0.6445382540396215]], "fy": 711.111111111111, "fx": 711.111111111111}, {"id": 7, "img_name": "0007.png", "width": 512, "height": 512, "position": [-4.628782861883258, 9.90280875040767, -8.912438833321495], "rotation": [[-0.9059210408417803, 0.2675795266657315, 0.32818934561252494], [-0.42344663142387123, -0.5724593938399033, -0.7021276079249358], [1.0242457367994447e-07, -0.7750428532564888, 0.631908673877135]], "fy": 711.111111111111, "fx": 711.111111111111}, {"id": 8, "img_name": "0008.png", "width": 512, "height": 512, "position": [9.957858451590827, 9.30263896329928, 3.6365942198870385], "rotation": [[-0.6826570349221032, 0.18841467787052968, -0.706030693433533], [0.730738962220633, 0.17601722551198515, -0.6595745097662674], [5.721293531920163e-08, -0.9661872872293674, -0.2578413650476211]], "fy": 711.111111111111, "fx": 711.111111111111}, {"id": 9, "img_name": "0009.png", "width": 512, "height": 512, "position": [-10.259397083021861, 8.702468223730495, 4.2349274443388465], "rotation": [[-0.6468703784518343, -0.22898158134437152, 0.727410462252031], [-0.7625998591585699, 0.1942320699179893, -0.6170212925707365], [1.0869965151784487e-07, -0.9538559933655416, -0.30026423537817887]], "fy": 711.111111111111, "fx": 711.111111111111}, {"id": 10, "img_name": "0010.png", "width": 512, "height": 512, "position": [4.893092458583583, 8.102298355582322, -10.456254155162766], "rotation": [[-0.8560111869715369, -0.3832555727117909, -0.34692929956641], [0.5169572254183847, -0.6346192267342652, -0.5744681002545593], [8.994825013010838e-08, -0.6710987536180604, 0.7413679602327348]], "fy": 711.111111111111, "fx": 711.111111111111}, {"id": 11, "img_name": "0011.png", "width": 512, "height": 512, "position": [3.574418229630324, 7.502128277362337, 11.395808198464664], "rotation": [[-0.9027681901913833, 0.34753607927032565, -0.25343289718302353], [0.43012737621450087, 0.7294223335224607, -0.5319149317429115], [-1.6960156332614676e-08, -0.5892043176909406, -0.8079840584744856]], "fy": 711.111111111111, "fx": 711.111111111111}, {"id": 12, "img_name": "0012.png", "width": 512, "height": 512, "position": [-10.641949854269724, 6.901958590082136, -6.1672269728937446], "rotation": [[-0.5441397220612062, 0.3668654638738151, 0.7545340820321405], [-0.8389946063780307, -0.2379349603053174, -0.4893618236391525], [8.768597486711629e-08, -0.8993312378559494, 0.4372680182149351]], "fy": 711.111111111111, "fx": 711.111111111111}, {"id": 13, "img_name": "0013.png", "width": 512, "height": 512, "position": [12.323553161951969, 6.301789026896966, -2.7092974748448624], "rotation": [[-0.4552875651139012, -0.17102998500077435, -0.8737628785710615], [0.8903442164343798, -0.08745794032546948, -0.4468086604769607], [5.392954966336124e-08, -0.9813763534169755, 0.19209431465367377]], "fy": 711.111111111111, "fx": 711.111111111111}, {"id": 14, "img_name": "0014.png", "width": 512, "height": 512, "position": [-7.419268744177519, 5.70161747420915, 10.553146261209339], "rotation": [[-0.6093407112981726, -0.5932840219124764, 0.5260399531984897], [-0.7929085464400738, 0.45593166327774726, -0.40425533705087724], [-4.926605782953614e-08, -0.663430787569574, -0.7482377036863318]], "fy": 711.111111111111, "fx": 711.111111111111}, {"id": 15, "img_name": "0015.png", "width": 512, "height": 512, "position": [-1.6897960978695001, 5.1014465073061555, -13.040040295819686], "rotation": [[-0.949278141110651, 0.2907174300495501, 0.11980960582010255], [-0.31443753875988795, -0.8776676908387416, -0.36170210851263435], [-8.596607355221968e-08, -0.38102855135704267, 0.9245632705813948]], "fy": 711.111111111111, "fx": 711.111111111111}, {"id": 16, "img_name": "0016.png", "width": 512, "height": 512, "position": [10.220623923807164, 4.501276465309575, 8.613954845473955], "rotation": [[-0.40305381214167674, 0.558939754974246, -0.7246612493013112], [0.9151762540241108, 0.2461633678868689, -0.31914885911632324], [5.6042639013262744e-08, -0.791826951116331, -0.6107454655622844]], "fy": 711.111111111111, "fx": 711.111111111111}, {"id": 17, "img_name": "0017.png", "width": 512, "height": 512, "position": [-13.542177161761867, 3.9011065123852497, 0.5600102205934772], "rotation": [[-0.2768139874604449, -0.03815413253039069, 0.9601656280100651], [-0.960923394991022, 0.01099099093884122, -0.2765958008825931], [1.9336187461765187e-07, -0.9992113241340934, -0.03970554080937396]], "fy": 711.111111111111, "fx": 711.111111111111}, {"id": 18, "img_name": "0018.png", "width": 512, "height": 512, "position": [9.719668016670644, 3.3009362578412165, -9.672367288215902], "rotation": [[-0.32157508877570307, -0.6493625883471553, -0.6891426744602538], [0.9468840461783833, -0.2205325912823071, -0.23404255788527906], [4.4365604477917464e-08, -0.7278004841051657, 0.685788917812051]], "fy": 711.111111111111, "fx": 711.111111111111}, {"id": 19, "img_name": "0019.png", "width": 512, "height": 512, "position": [-0.6394280978661906, 2.70076561456469, 13.828224678689706], "rotation": [[-0.9730985871243901, -0.2258841299601877, 0.045336644285038134], [-0.23038891354164387, 0.9540716819135858, -0.19148935279377943], [-1.598963387464434e-09, -0.19678308755685436, -0.9804470041105187]], "fy": 711.111111111111, "fx": 711.111111111111}, {"id": 20, "img_name": "0020.png", "width": 512, "height": 512, "position": [-8.935775142398393, 2.100595397710197, -10.70804455320029], "rotation": [[-0.22883908413433932, 0.7390740647975087, 0.6335631979819129], [-0.9734643286188658, -0.173739310565386, -0.1489361365266841], [-3.495896122381323e-08, -0.6508335413917774, 0.7592204725862364]], "fy": 711.111111111111, "fx": 711.111111111111}, {"id": 21, "img_name": "0021.png", "width": 512, "height": 512, "position": [13.898723265402513, 1.5004252162750957, 1.870053020273735], "rotation": [[-0.10733072417956345, 0.13182418512414432, -0.9854454231342009], [0.9942234646998279, 0.014231139815842554, -0.10638298275723791], [2.426180972442841e-07, -0.9911710351883839, -0.13259021559085032]], "fy": 711.111111111111, "fx": 711.111111111111}, {"id": 22, "img_name": "0022.png", "width": 512, "height": 512, "position": [-11.55377641289555, 0.9002563288119949, 8.038817422141836], "rotation": [[-0.07768316046153736, -0.5682447727882747, 0.8191843720519129], [-0.9969780124031198, 0.04427689734822459, -0.06382984370488902], [9.70528587394608e-08, -0.8216673806118069, -0.5699670770380081]], "fy": 711.111111111111, "fx": 711.111111111111}, {"id": 23, "img_name": "0023.png", "width": 512, "height": 512, "position": [3.09486463408225, 0.30008554757016304, -13.756982924630613], "rotation": [[-0.09650971172515792, -0.9708426202461738, -0.21943169403888954], [0.9953319354040806, -0.0941351652024426, -0.02127664430330707], [1.293306164242922e-08, -0.22046079910402688, 0.9753958331152662]], "fy": 711.111111111111, "fx": 711.111111111111}, {"id": 24, "img_name": "0024.png", "width": 512, "height": 512, "position": [7.010651866202598, -0.3000839552349539, 12.234522363796936], "rotation": [[0.04276494580806176, 0.8666569017685903, -0.4970683328578313], [0.9990851379703268, -0.03709647553910225, 0.021276470885817897], [-9.498497778144007e-08, -0.49752348260500207, -0.8674504559609404]], "fy": 711.111111111111, "fx": 711.111111111111}, {"id": 25, "img_name": "0025.png", "width": 512, "height": 512, "position": [-13.409377354659155, -0.9002535180222596, -4.277955963345193], "rotation": [[0.06698511587930871, 0.30263370454501487, 0.9507500477052099], [-0.9977538836497092, 0.0203175202129793, 0.06382942129510302], [1.435989800772975e-07, -0.952890260331328, 0.3033150440236145]], "fy": 711.111111111111, "fx": 711.111111111111}, {"id": 26, "img_name": "0026.png", "width": 512, "height": 512, "position": [12.730829019082037, -1.5004250520675306, -5.881965300060663], "rotation": [[0.11704752115128665, -0.4141756893076602, -0.9026395871796384], [0.9931262386813129, 0.048813724479850815, 0.10638294401076939], [-1.0666329819168761e-07, -0.9088869869902502, 0.41704237750222944]], "fy": 711.111111111111, "fx": 711.111111111111}, {"id": 27, "img_name": "0027.png", "width": 512, "height": 512, "position": [-5.3842757793789255, -2.1005943602887056, 12.865450667714033], "rotation": [[0.3634545308851324, -0.8498020930390983, 0.38175526260480463], [-0.9316118708239447, -0.3315375041218215, 0.14893603218361665], [7.288944944988691e-08, -0.40977923594181453, -0.9121845202200928]], "fy": 711.111111111111, "fx": 711.111111111111}, {"id": 28, "img_name": "0028.png", "width": 512, "height": 512, "position": [-4.6851961752900415, -2.7007656756506724, -13.026037200917315], "rotation": [[0.4994127083878367, 0.800148267143058, 0.3321891556228198], [-0.8663641754628596, 0.46124277019212057, 0.1914893091112093], [1.3124229535760395e-08, -0.38342899031931593, 0.9235703545966545]], "fy": 711.111111111111, "fx": 711.111111111111}, {"id": 29, "img_name": "0029.png", "width": 512, "height": 512, "position": [12.137965683208394, -3.300936285166847, 6.3793739225206805], "rotation": [[0.2624204695146115, 0.4364577610162982, -0.8606044852678532], [0.964953603659008, -0.11869527863855948, 0.2340425452747808], [-2.7198898289997408e-08, -0.8918609718234359, -0.4523095491428317]], "fy": 711.111111111111, "fx": 711.111111111111}, {"id": 30, "img_name": "0030.png", "width": 512, "height": 512, "position": [-13.106071788996998, -3.901105524541516, 3.45471820680818], "rotation": [[0.285286430685161, -0.23476651179662456, 0.929244996589987], [-0.9584422667791055, -0.06987977924278732, 0.2765956025552316], [9.835690990112001e-08, -0.9695366888573154, -0.24494587269678866]], "fy": 711.111111111111, "fx": 711.111111111111}, {"id": 31, "img_name": "0031.png", "width": 512, "height": 512, "position": [7.229065825239945, -4.501276010881001, -11.242859187498814], "rotation": [[0.5285716823273113, -0.6766830555100866, -0.5125543644556984], [0.8488886464884804, 0.42134555359812464, 0.31914877119263135], [-8.631850448458467e-08, -0.6037945964285735, 0.7971399293935201]], "fy": 711.111111111111, "fx": 711.111111111111}, {"id": 32, "img_name": "0032.png", "width": 512, "height": 512, "position": [2.2271388334507174, -5.101446189544685, 12.959084735331452], "rotation": [[0.9164699985174423, 0.3676243835983269, -0.15790834516741234], [0.40010340274679, -0.8420740320678767, 0.36170208009116106], [-2.1111348112538903e-08, -0.39466877279027657, -0.9188233533688378]], "fy": 711.111111111111, "fx": 711.111111111111}, {"id": 33, "img_name": "0033.png", "width": 512, "height": 512, "position": [-10.199175686989342, -5.701618094112556, -7.898814947167958], "rotation": [[0.4879569481518868, 0.4888413345118014, 0.7231404279051212], [-0.8728676467816187, 0.2732757355595741, 0.404255264318079], [1.2649948444282503e-08, -0.8284650850818528, 0.5600406478370292]], "fy": 711.111111111111, "fx": 711.111111111111}, {"id": 34, "img_name": "0034.png", "width": 512, "height": 512, "position": [12.574776544514316, -6.301789346548608, -1.0417964641865354], "rotation": [[0.44803247457256545, -0.06603678878516504, -0.8915750719778965], [0.8940173188733095, 0.033094148598750074, 0.44680859912364984], [1.6509892178932416e-07, -0.9972682854794904, 0.07386525139858999]], "fy": 711.111111111111, "fx": 711.111111111111}, {"id": 35, "img_name": "0035.png", "width": 512, "height": 512, "position": [-8.352561694601262, -6.9019591358750345, 9.028872945394037], "rotation": [[0.636991948307235, -0.49348349942183145, 0.5922122547066508], [-0.7708704941988215, -0.40777929011159975, 0.4893617970659821], [-1.2906579782385914e-07, -0.7682384545519483, -0.6401640045470209]], "fy": 711.111111111111, "fx": 711.111111111111}, {"id": 36, "img_name": "0036.png", "width": 512, "height": 512, "position": [0.05826241818340181, -7.502127289805118, -11.943093401174538], "rotation": [[0.9999698450603287, -0.006576056459795713, -0.0041309137227093905], [0.007765884801288876, 0.8467622482176312, 0.5319148140283714], [-2.821563764790142e-10, -0.5319308543702098, 0.8467877830530582]], "fy": 711.111111111111, "fx": 711.111111111111}, {"id": 37, "img_name": "0037.png", "width": 512, "height": 512, "position": [7.756581974278638, -8.102298305174596, 8.550499058121915], "rotation": [[0.7223497986716593, 0.4192362748361842, -0.5499561157605024], [0.6915278616230135, -0.4379220590661618, 0.5744680710733635], [-4.558361978152739e-08, -0.7952768662202668, -0.6062464788139839]], "fy": 711.111111111111, "fx": 711.111111111111}, {"id": 38, "img_name": "0038.png", "width": 512, "height": 512, "position": [-11.051730173800744, -8.702466878869338, -1.0242718743084938], "rotation": [[0.6186548762269743, 0.05705699201074962, 0.7835882914557224], [-0.7856628480740376, 0.0449283725766464, 0.6170212696113124], [6.513402987249099e-08, -0.9973594425578222, 0.0726227334679015]], "fy": 711.111111111111, "fx": 711.111111111111}, {"id": 39, "img_name": "0039.png", "width": 512, "height": 512, "position": [8.444421999939419, -9.302639081114377, -6.409016212085229], "rotation": [[0.7404360095657053, -0.3054219411956133, -0.598725274092137], [0.6721268600497945, 0.33646247479177016, 0.6595744747383205], [7.130592293383343e-08, -0.890792030477951, 0.45441122233902265]], "fy": 711.111111111111, "fx": 711.111111111111}, {"id": 40, "img_name": "0040.png", "width": 512, "height": 512, "position": [-1.797490655296829, -9.902807589367471, 9.88059804324819], "rotation": [[0.9839226729763811, -0.12511524403105662, 0.12744548027060673], [-0.17859500197473738, -0.6892899425589227, 0.7021277083336498], [3.7377475373367796e-09, -0.7136004969527897, -0.7005529601618975]], "fy": 711.111111111111, "fx": 711.111111111111}, {"id": 41, "img_name": "0041.png", "width": 512, "height": 512, "position": [-5.013577572452586, -10.502979368071395, -7.967075057544566], "rotation": [[0.902454576117583, 0.24334208977133603, 0.3554720350805364], [-0.43078502803437696, 0.5097790202468255, 0.7446808859290059], [1.297322265997573e-08, -0.8251727028884966, 0.5648805367682452]], "fy": 711.111111111111, "fx": 711.111111111111}, {"id": 42, "img_name": "0042.png", "width": 512, "height": 512, "position": [8.387992041081066, -11.103149658788217, 2.298800456840165], "rotation": [[0.7979038040207268, 0.09824744864665816, -0.5947242765887526], [0.6027848093056036, -0.13004976871054333, 0.7872341261364443], [-2.3048019341885538e-10, -0.9866278601974636, -0.16298927760937465]], "fy": 711.111111111111, "fx": 711.111111111111}, {"id": 43, "img_name": "0043.png", "width": 512, "height": 512, "position": [-7.002862017745179, -11.703318340274366, 3.5937527530740563], "rotation": [[0.8581110747681382, -0.130832584966376, 0.49651606714130175], [-0.5134640885382826, -0.21864983921880363, 0.8297871803777179], [-2.0537000646548898e-08, -0.9669927453960907, -0.25480367762417844]], "fy": 711.111111111111, "fx": 711.111111111111}, {"id": 44, "img_name": "0044.png", "width": 512, "height": 512, "position": [2.396967644594302, -12.303488492655369, -6.4654078133320105], "rotation": [[0.9815462269641335, -0.08765939309909646, -0.16994950230478842], [0.19122500498665745, 0.4499503389357092, 0.872340321375411], [4.726328074500534e-09, -0.8887409463004393, 0.4584097266988872]], "fy": 711.111111111111, "fx": 711.111111111111}, {"id": 45, "img_name": "0045.png", "width": 512, "height": 512, "position": [2.1467731604141327, -12.903660078701305, 5.273495612407026], "rotation": [[0.9864414467051795, 0.06136221755922119, -0.15221021624282047], [0.1641135938076773, -0.36883125346196827, 0.9148935344065942], [8.169602551454092e-09, -0.9274686675180333, -0.37390080913067114]], "fy": 711.111111111111, "fx": 711.111111111111}, {"id": 46, "img_name": "0046.png", "width": 512, "height": 512, "position": [-3.6783785485965255, -13.503829939660239, -1.7432517930544023], "rotation": [[0.9648451095216422, 0.03248439938428969, 0.26080390800818637], [-0.2628191671771684, 0.1192546229160555, 0.9574468237797295], [1.3295235633569509e-08, -0.9923321514484122, 0.12359976249884999]], "fy": 711.111111111111, "fx": 711.111111111111}, {"id": 47, "img_name": "0047.png", "width": 512, "height": 512, "position": [0.0, -14.104000574312053, -1.5475818392761536e-06], "rotation": [[1.0, 0.0, 0.0], [0.0, 3.422854412188872e-08, 1.0000000342285418], [-0.0, -1.0000000342285418, 3.422854412188871e-08]], "fy": 711.111111111111, "fx": 711.111111111111}]