{
  "camera_model": "PINHOLE",
  "intrinsics": {
    "width": 512,
    "height": 512,
    "fx": 711.1111111111111,
    "fy": 711.1111111111111,
    "cx": 256.0,
    "cy": 256.0
  },
  "images": [
    {
      "image_id": 1,
      "file_name": "0000.png",
      "camera_id": 1,
      "camera_center_world": [
        0.0,
        14.577630996704102,
        0.0
      ],
      "quaternion_wxyz_world_to_camera": [
        3.0908619663705394e-08,
        3.0908619663705394e-08,
        -0.7071067690849304,
        0.7071067690849304
      ],
      "translation_world_to_camera": [
        1.2744169453071663e-06,
        -1.10058056179696e-06,
        14.577631950378418
      ],
      "world_to_camera": [
        [
          -1.0,
          -8.742277657347586e-08,
          0.0,
          1.2744169453071663e-06
        ],
        [
          -6.6002361555513294e-15,
          7.549790126404332e-08,
          -1.0,
          -1.10058056179696e-06
        ],
        [
          8.742278367890322e-08,
          -1.0000001192092896,
          -7.549790836947068e-08,
          14.577631950378418
        ],
        [
          0.0,
          0.0,
          0.0,
          1.0
        ]
      ],
      "blender_world_to_camera": [
        [
          -1.0,
          -8.742277657347586e-08,
          0.0,
          1.2744169453071663e-06
        ],
        [
          6.6002361555513294e-15,
          -7.549790126404332e-08,
          1.0,
          1.10058056179696e-06
        ],
        [
          -8.742278367890322e-08,
          1.0000001192092896,
          7.549790836947068e-08,
          -14.577631950378418
        ],
        [
          -0.0,
          0.0,
          -0.0,
          1.0
        ]
      ],
      "camera_to_world": [
        [
          -1.0,
          6.6002361555513294e-15,
          -8.74227694680485e-08,
          0.0
        ],
        [
          -8.742277657347586e-08,
          -7.549790126404332e-08,
          0.9999999403953552,
          14.577630996704102
        ],
        [
          0.0,
          1.0,
          7.549789415861596e-08,
          0.0
        ],
        [
          0.0,
          0.0,
          0.0,
          1.0
        ]
      ]
    },
    {
      "image_id": 2,
      "file_name": "0001.png",
      "camera_id": 1,
      "camera_center_world": [
        -3.102293014526367,
        13.957306861877441,
        2.841954469680786
      ],
      "quaternion_wxyz_world_to_camera": [
        0.06924325972795486,
        0.08436111360788345,
        -0.768348753452301,
        0.630657434463501
      ],
      "translation_world_to_camera": [
        -2.451872092024132e-07,
        -1.2932721560332539e-08,
        14.577630996704102
      ],
      "world_to_camera": [
        [
          -0.9761770963668823,
          -0.21697504818439484,
          3.725290298461914e-09,
          -2.451872092024132e-07
        ],
        [
          -0.042299963533878326,
          0.19030876457691193,
          -0.9808126091957092,
          -1.2932721560332539e-08
        ],
        [
          0.21281185746192932,
          -0.957446813583374,
          -0.1949530988931656,
          14.577630996704102
        ],
        [
          0.0,
          0.0,
          0.0,
          1.0
        ]
      ],
      "blender_world_to_camera": [
        [
          -0.9761770963668823,
          -0.21697504818439484,
          3.725290298461914e-09,
          -2.451872092024132e-07
        ],
        [
          0.042299963533878326,
          -0.19030876457691193,
          0.9808126091957092,
          1.2932721560332539e-08
        ],
        [
          -0.21281185746192932,
          0.957446813583374,
          0.1949530988931656,
          -14.577630996704102
        ],
        [
          -0.0,
          0.0,
          -0.0,
          1.0
        ]
      ],
      "camera_to_world": [
        [
          -0.9761771559715271,
          0.04229995980858803,
          -0.21281185746192932,
          -3.102293014526367
        ],
        [
          -0.21697504818439484,
          -0.19030874967575073,
          0.957446813583374,
          13.957306861877441
        ],
        [
          3.2057836385490646e-09,
          0.9808125495910645,
          0.1949530988931656,
          2.841954469680786
        ],
        [
          0.0,
          0.0,
          0.0,
          1.0
        ]
      ]
    },
    {
      "image_id": 3,
      "file_name": "0002.png",
      "camera_id": 1,
      "camera_center_world": [
        0.5144931674003601,
        13.336981773376465,
        -5.862383842468262
      ],
      "quaternion_wxyz_world_to_camera": [
        0.01614103652536869,
        0.010539810173213482,
        0.546639084815979,
        -0.8371464014053345
      ],
      "translation_world_to_camera": [
        -4.885419571110106e-07,
        4.695899349371757e-07,
        14.577632904052734
      ],
      "world_to_camera": [
        [
          -0.9992568492889404,
          0.03854776546359062,
          -8.75443362247097e-08,
          -4.885419571110106e-07
        ],
        [
          -0.01550187636166811,
          -0.4018504321575165,
          -0.9155741333961487,
          4.695899349371757e-07
        ],
        [
          -0.035293370485305786,
          -0.9148936867713928,
          0.40214934945106506,
          14.577632904052734
        ],
        [
          0.0,
          0.0,
          0.0,
          1.0
        ]
      ],
      "blender_world_to_camera": [
        [
          -0.9992568492889404,
          0.03854776546359062,
          -8.75443362247097e-08,
          -4.885419571110106e-07
        ],
        [
          0.01550187636166811,
          0.4018504321575165,
          0.9155741333961487,
          -4.695899349371757e-07
        ],
        [
          0.035293370485305786,
          0.9148936867713928,
          -0.40214934945106506,
          -14.577632904052734
        ],
        [
          -0.0,
          0.0,
          0.0,
          1.0
        ]
      ],
      "camera_to_world": [
        [
          -0.9992566704750061,
          0.015501875430345535,
          0.03529336303472519,
          0.5144931674003601
        ],
        [
          0.038547758013010025,
          0.4018504321575165,
          0.9148935675621033,
          13.336981773376465
        ],
        [
          -8.74227694680485e-08,
          0.9155740737915039,
          -0.4021492898464203,
          -5.862383842468262
        ],
        [
          0.0,
          0.0,
          0.0,
          1.0
        ]
      ]
    },
    {
      "image_id": 4,
      "file_name": "0003.png",
      "camera_id": 1,
      "camera_center_world": [
        4.336336612701416,
        12.716656684875488,
        5.6559834480285645
      ],
      "quaternion_wxyz_world_to_camera": [
        0.09048722684383392,
        0.13627038896083832,
        0.8218428492546082,
        -0.54572594165802
      ],
      "translation_world_to_camera": [
        -4.7802579672406864e-08,
        -1.4693814591737464e-06,
        14.577630996704102
      ],
      "world_to_camera": [
        [
          -0.9464849233627319,
          0.3227481245994568,
          2.2351745343485163e-08,
          -4.7802579672406864e-08
        ],
        [
          0.12522323429584503,
          0.3672272861003876,
          -0.9216632843017578,
          -1.4693814591737464e-06
        ],
        [
          -0.29746508598327637,
          -0.8723404407501221,
          -0.38799068331718445,
          14.577630996704102
        ],
        [
          0.0,
          0.0,
          0.0,
          1.0
        ]
      ],
      "blender_world_to_camera": [
        [
          -0.9464849233627319,
          0.3227481245994568,
          2.2351745343485163e-08,
          -4.7802579672406864e-08
        ],
        [
          -0.12522323429584503,
          -0.3672272861003876,
          0.9216632843017578,
          1.4693814591737464e-06
        ],
        [
          0.29746508598327637,
          0.8723404407501221,
          0.38799068331718445,
          -14.577630996704102
        ],
        [
          -0.0,
          0.0,
          -0.0,
          1.0
        ]
      ],
      "camera_to_world": [
        [
          -0.9464848637580872,
          -0.12522323429584503,
          0.29746508598327637,
          4.336336612701416
        ],
        [
          0.3227480947971344,
          -0.3672272861003876,
          0.8723403215408325,
          12.716656684875488
        ],
        [
          1.9038548515482034e-08,
          0.9216632843017578,
          0.3879906237125397,
          5.6559834480285645
        ],
        [
          0.0,
          0.0,
          0.0,
          1.0
        ]
      ]
    },
    {
      "image_id": 5,
      "file_name": "0004.png",
      "camera_id": 1,
      "camera_center_world": [
        -8.011119842529297,
        12.096332550048828,
        -1.4170541763305664
      ],
      "quaternion_wxyz_world_to_camera": [
        0.21355703473091125,
        0.1937151402235031,
        -0.6433278322219849,
        0.7092229127883911
      ],
      "translation_world_to_camera": [
        -3.5173215451322903e-09,
        1.0248386388411745e-06,
        14.577631950378418
      ],
      "world_to_camera": [
        [
          -0.8337355852127075,
          -0.5521637201309204,
          -1.862645149230957e-08,
          -3.5173215451322903e-09
        ],
        [
          0.05367447808384895,
          -0.08104535937309265,
          -0.9952640533447266,
          1.0248386388411745e-06
        ],
        [
          0.5495488047599792,
          -0.8297872543334961,
          0.09720750153064728,
          14.577631950378418
        ],
        [
          0.0,
          0.0,
          0.0,
          1.0
        ]
      ],
      "blender_world_to_camera": [
        [
          -0.8337355852127075,
          -0.5521637201309204,
          -1.862645149230957e-08,
          -3.5173215451322903e-09
        ],
        [
          -0.05367447808384895,
          0.08104535937309265,
          0.9952640533447266,
          -1.0248386388411745e-06
        ],
        [
          -0.5495488047599792,
          0.8297872543334961,
          -0.09720750153064728,
          -14.577631950378418
        ],
        [
          -0.0,
          0.0,
          -0.0,
          1.0
        ]
      ],
      "camera_to_world": [
        [
          -0.8337357044219971,
          -0.05367447808384895,
          -0.5495487451553345,
          -8.011119842529297
        ],
        [
          -0.5521637797355652,
          0.08104535192251205,
          0.8297871351242065,
          12.096332550048828
        ],
        [
          -1.9393311845306016e-08,
          0.9952641129493713,
          -0.09720750153064728,
          -1.4170541763305664
        ],
        [
          0.0,
          0.0,
          0.0,
          1.0
        ]
      ]
    },
    {
      "image_id": 6,
      "file_name": "0005.png",
      "camera_id": 1,
      "camera_center_world": [
        7.584819793701172,
        11.476007461547852,
        -4.824841499328613
      ],
      "quaternion_wxyz_world_to_camera": [
        0.23484298586845398,
        0.16649971902370453,
        0.5538862943649292,
        -0.7812404632568359
      ],
      "translation_world_to_camera": [
        1.9962105852755485e-06,
        -4.652447671560367e-07,
        14.577632904052734
      ],
      "world_to_camera": [
        [
          -0.8342532515525818,
          0.551381528377533,
          2.980232594040899e-08,
          1.9962105852755485e-06
        ],
        [
          -0.1824938803911209,
          -0.2761175036430359,
          -0.94363933801651,
          -4.652447671560367e-07
        ],
        [
          -0.520305335521698,
          -0.7872341871261597,
          0.33097565174102783,
          14.577632904052734
        ],
        [
          0.0,
          0.0,
          0.0,
          1.0
        ]
      ],
      "blender_world_to_camera": [
        [
          -0.8342532515525818,
          0.551381528377533,
          2.980232594040899e-08,
          1.9962105852755485e-06
        ],
        [
          0.1824938803911209,
          0.2761175036430359,
          0.94363933801651,
          4.652447671560367e-07
        ],
        [
          0.520305335521698,
          0.7872341871261597,
          -0.33097565174102783,
          -14.577632904052734
        ],
        [
          -0.0,
          -0.0,
          -0.0,
          1.0
        ]
      ],
      "camera_to_world": [
        [
          -0.834253191947937,
          0.18249386548995972,
          0.5203052163124084,
          7.584819793701172
        ],
        [
          0.551381528377533,
          0.2761174738407135,
          0.7872340679168701,
          11.476007461547852
        ],
        [
          1.969159058035075e-08,
          0.9436392784118652,
          -0.33097562193870544,
          -4.824841499328613
        ],
        [
          0.0,
          0.0,
          0.0,
          1.0
        ]
      ]
    },
    {
      "image_id": 7,
      "file_name": "0006.png",
      "camera_id": 1,
      "camera_center_world": [
        -2.5257976055145264,
        10.855682373046875,
        9.395840644836426
      ],
      "quaternion_wxyz_world_to_camera": [
        0.048082586377859116,
        0.10342209786176682,
        -0.9008734822273254,
        0.41883042454719543
      ],
      "translation_world_to_camera": [
        -9.633157560529071e-08,
        -4.91446598971379e-07,
        14.577632904052734
      ],
      "world_to_camera": [
        [
          -0.973983883857727,
          -0.22661736607551575,
          -7.450580596923828e-09,
          -9.633157560529071e-08
        ],
        [
          -0.14606353640556335,
          0.6277698278427124,
          -0.7645719647407532,
          -4.91446598971379e-07
        ],
        [
          0.17326530814170837,
          -0.7446809411048889,
          -0.6445383429527283,
          14.577632904052734
        ],
        [
          0.0,
          0.0,
          0.0,
          1.0
        ]
      ],
      "blender_world_to_camera": [
        [
          -0.973983883857727,
          -0.22661736607551575,
          -7.450580596923828e-09,
          -9.633157560529071e-08
        ],
        [
          0.14606353640556335,
          -0.6277698278427124,
          0.7645719647407532,
          4.91446598971379e-07
        ],
        [
          -0.17326530814170837,
          0.7446809411048889,
          0.6445383429527283,
          -14.577632904052734
        ],
        [
          0.0,
          0.0,
          -0.0,
          1.0
        ]
      ],
      "camera_to_world": [
        [
          -0.973983883857727,
          0.14606356620788574,
          -0.173265278339386,
          -2.5257976055145264
        ],
        [
          -0.22661735117435455,
          -0.627769947052002,
          0.7446807622909546,
          10.855682373046875
        ],
        [
          -1.173942543175599e-08,
          0.7645721435546875,
          0.6445382237434387,
          9.395840644836426
        ],
        [
          0.0,
          0.0,
          0.0,
          1.0
        ]
      ]
    },
    {
      "image_id": 8,
      "file_name": "0007.png",
      "camera_id": 1,
      "camera_center_world": [
        -4.7842230796813965,
        10.235358238220215,
        -9.21173095703125
      ],
      "quaternion_wxyz_world_to_camera": [
        0.1959133893251419,
        0.09304525703191757,
        -0.41879379749298096,
        0.8818005919456482
      ],
      "translation_world_to_camera": [
        4.221822109684581e-07,
        1.9298224742669845e-06,
        14.577630996704102
      ],
      "world_to_camera": [
        [
          -0.9059211015701294,
          -0.4234466552734375,
          1.0430814256778831e-07,
          4.221822109684581e-07
        ],
        [
          0.2675795257091522,
          -0.57245934009552,
          -0.7750427722930908,
          1.9298224742669845e-06
        ],
        [
          0.32818934321403503,
          -0.7021276354789734,
          0.631908655166626,
          14.577630996704102
        ],
        [
          0.0,
          0.0,
          0.0,
          1.0
        ]
      ],
      "blender_world_to_camera": [
        [
          -0.9059211015701294,
          -0.4234466552734375,
          1.0430814256778831e-07,
          4.221822109684581e-07
        ],
        [
          -0.2675795257091522,
          0.57245934009552,
          0.7750427722930908,
          -1.9298224742669845e-06
        ],
        [
          -0.32818934321403503,
          0.7021276354789734,
          -0.631908655166626,
          -14.577630996704102
        ],
        [
          0.0,
          0.0,
          -0.0,
          1.0
        ]
      ],
      "camera_to_world": [
        [
          -0.9059209823608398,
          -0.2675795257091522,
          -0.32818928360939026,
          -4.7842230796813965
        ],
        [
          -0.4234465956687927,
          0.5724593997001648,
          0.7021275162696838,
          10.235358238220215
        ],
        [
          8.74227694680485e-08,
          0.7750428318977356,
          -0.631908655166626,
          -9.21173095703125
        ],
        [
          0.0,
          0.0,
          0.0,
          1.0
        ]
      ]
    },
    {
      "image_id": 9,
      "file_name": "0008.png",
      "camera_id": 1,
      "camera_center_world": [
        10.292255401611328,
        9.615033149719238,
        3.7587151527404785
      ],
      "quaternion_wxyz_world_to_camera": [
        0.24265141785144806,
        0.3158983886241913,
        0.7274124622344971,
        -0.5587482452392578
      ],
      "translation_world_to_camera": [
        1.4601622524423874e-06,
        -1.022403239403502e-06,
        14.577630996704102
      ],
      "world_to_camera": [
        [
          -0.6826570630073547,
          0.7307389974594116,
          0.0,
          1.4601622524423874e-06
        ],
        [
          0.18841469287872314,
          0.17601719498634338,
          -0.9661872386932373,
          -1.022403239403502e-06
        ],
        [
          -0.7060306668281555,
          -0.6595745086669922,
          -0.2578413188457489,
          14.577630996704102
        ],
        [
          0.0,
          0.0,
          0.0,
          1.0
        ]
      ],
      "blender_world_to_camera": [
        [
          -0.6826570630073547,
          0.7307389974594116,
          0.0,
          1.4601622524423874e-06
        ],
        [
          -0.18841469287872314,
          -0.17601719498634338,
          0.9661872386932373,
          1.022403239403502e-06
        ],
        [
          0.7060306668281555,
          0.6595745086669922,
          0.2578413188457489,
          -14.577630996704102
        ],
        [
          -0.0,
          0.0,
          -0.0,
          1.0
        ]
      ],
      "camera_to_world": [
        [
          -0.6826569437980652,
          -0.18841470777988434,
          0.7060306072235107,
          10.292255401611328
        ],
        [
          0.7307388782501221,
          -0.17601719498634338,
          0.6595744490623474,
          9.615033149719238
        ],
        [
          1.1691255075163554e-08,
          0.9661872982978821,
          0.2578413188457489,
          3.7587151527404785
        ],
        [
          0.0,
          0.0,
          0.0,
          1.0
        ]
      ]
    },
    {
      "image_id": 10,
      "file_name": "0009.png",
      "camera_id": 1,
      "camera_center_world": [
        -10.603921890258789,
        8.994709014892578,
        4.377144813537598
      ],
      "quaternion_wxyz_world_to_camera": [
        0.24854445457458496,
        0.3388073742389679,
        -0.7316704988479614,
        0.5367434024810791
      ],
      "translation_world_to_camera": [
        4.928576800011797e-07,
        5.178619630896719e-07,
        14.577634811401367
      ],
      "world_to_camera": [
        [
          -0.6468704342842102,
          -0.7625999450683594,
          0.0,
          4.928576800011797e-07
        ],
        [
          -0.2289816290140152,
          0.19423218071460724,
          -0.9538561105728149,
          5.178619630896719e-07
        ],
        [
          0.7274105548858643,
          -0.617021381855011,
          -0.300264447927475,
          14.577634811401367
        ],
        [
          0.0,
          0.0,
          0.0,
          1.0
        ]
      ],
      "blender_world_to_camera": [
        [
          -0.6468704342842102,
          -0.7625999450683594,
          0.0,
          4.928576800011797e-07
        ],
        [
          0.2289816290140152,
          -0.19423218071460724,
          0.9538561105728149,
          -5.178619630896719e-07
        ],
        [
          -0.7274105548858643,
          0.617021381855011,
          0.300264447927475,
          -14.577634811401367
        ],
        [
          -0.0,
          0.0,
          -0.0,
          1.0
        ]
      ],
      "camera_to_world": [
        [
          -0.646870493888855,
          0.2289816290140152,
          -0.7274104356765747,
          -10.603921890258789
        ],
        [
          -0.7625998854637146,
          -0.19423218071460724,
          0.6170212030410767,
          8.994709014892578
        ],
        [
          2.332047976949525e-08,
          0.9538559913635254,
          0.3002643883228302,
          4.377144813537598
        ],
        [
          0.0,
          0.0,
          0.0,
          1.0
        ]
      ]
    },
    {
      "image_id": 11,
      "file_name": "0010.png",
      "camera_id": 1,
      "camera_center_world": [
        5.057408809661865,
        8.374383926391602,
        -10.807388305664062
      ],
      "quaternion_wxyz_world_to_camera": [
        0.2503684163093567,
        0.09648852050304413,
        0.3464187979698181,
        -0.8988879919052124
      ],
      "translation_world_to_camera": [
        -1.827504974016847e-07,
        4.0817801050252456e-07,
        14.577632904052734
      ],
      "world_to_camera": [
        [
          -0.8560113310813904,
          0.5169572830200195,
          -5.960465898624534e-08,
          -1.827504974016847e-07
        ],
        [
          -0.3832554519176483,
          -0.634619414806366,
          -0.6710988283157349,
          4.0817801050252456e-07
        ],
        [
          -0.3469294607639313,
          -0.5744680762290955,
          0.7413680553436279,
          14.577632904052734
        ],
        [
          0.0,
          0.0,
          0.0,
          1.0
        ]
      ],
      "blender_world_to_camera": [
        [
          -0.8560113310813904,
          0.5169572830200195,
          -5.960465898624534e-08,
          -1.827504974016847e-07
        ],
        [
          0.3832554519176483,
          0.634619414806366,
          0.6710988283157349,
          -4.0817801050252456e-07
        ],
        [
          0.3469294607639313,
          0.5744680762290955,
          -0.7413680553436279,
          -14.577632904052734
        ],
        [
          -0.0,
          0.0,
          0.0,
          1.0
        ]
      ],
      "camera_to_world": [
        [
          -0.856011152267456,
          0.3832554817199707,
          0.3469293713569641,
          5.057408809661865
        ],
        [
          0.51695716381073,
          0.6346192955970764,
          0.5744680166244507,
          8.374383926391602
        ],
        [
          -8.74227694680485e-08,
          0.6710987687110901,
          -0.7413678765296936,
          -10.807388305664062
        ],
        [
          0.0,
          0.0,
          0.0,
          1.0
        ]
      ]
    },
    {
      "image_id": 12,
      "file_name": "0011.png",
      "camera_id": 1,
      "camera_center_world": [
        3.6944518089294434,
        7.754059314727783,
        11.778493881225586
      ],
      "quaternion_wxyz_world_to_camera": [
        0.06831919401884079,
        0.20963869988918304,
        0.9273853898048401,
        -0.30222585797309875
      ],
      "translation_world_to_camera": [
        5.503419515662245e-07,
        3.279230895714136e-07,
        14.577631950378418
      ],
      "world_to_camera": [
        [
          -0.9027683138847351,
          0.43012741208076477,
          -2.980232949312267e-08,
          5.503419515662245e-07
        ],
        [
          0.3475360870361328,
          0.7294223308563232,
          -0.5892043709754944,
          3.279230895714136e-07
        ],
        [
          -0.253432959318161,
          -0.531915009021759,
          -0.8079841136932373,
          14.577631950378418
        ],
        [
          0.0,
          0.0,
          0.0,
          1.0
        ]
      ],
      "blender_world_to_camera": [
        [
          -0.9027683138847351,
          0.43012741208076477,
          -2.980232949312267e-08,
          5.503419515662245e-07
        ],
        [
          -0.3475360870361328,
          -0.7294223308563232,
          0.5892043709754944,
          -3.279230895714136e-07
        ],
        [
          0.253432959318161,
          0.531915009021759,
          0.8079841136932373,
          -14.577631950378418
        ],
        [
          -0.0,
          -0.0,
          -0.0,
          1.0
        ]
      ],
      "camera_to_world": [
        [
          -0.9027681350708008,
          -0.3475360870361328,
          0.25343286991119385,
          3.6944518089294434
        ],
        [
          0.43012735247612,
          -0.7294223308563232,
          0.5319148898124695,
          7.754059314727783
        ],
        [
          -5.004499925576056e-09,
          0.5892043113708496,
          0.8079839944839478,
          11.778493881225586
        ],
        [
          0.0,
          0.0,
          0.0,
          1.0
        ]
      ]
    },
    {
      "image_id": 13,
      "file_name": "0012.png",
      "camera_id": 1,
      "camera_center_world": [
        -10.999320983886719,
        7.133734226226807,
        -6.374331474304199
      ],
      "quaternion_wxyz_world_to_camera": [
        0.40472015738487244,
        0.253242552280426,
        -0.4660838842391968,
        0.7448728680610657
      ],
      "translation_world_to_camera": [
        -2.1691632809961447e-06,
        1.6002554730221163e-06,
        14.577631950378418
      ],
      "world_to_camera": [
        [
          -0.5441396832466125,
          -0.8389946818351746,
          -1.4901162970204496e-08,
          -2.1691632809961447e-06
        ],
        [
          0.3668656051158905,
          -0.2379348874092102,
          -0.8993312120437622,
          1.6002554730221163e-06
        ],
        [
          0.7545341849327087,
          -0.4893617630004883,
          0.43726810812950134,
          14.577631950378418
        ],
        [
          0.0,
          0.0,
          0.0,
          1.0
        ]
      ],
      "blender_world_to_camera": [
        [
          -0.5441396832466125,
          -0.8389946818351746,
          -1.4901162970204496e-08,
          -2.1691632809961447e-06
        ],
        [
          -0.3668656051158905,
          0.2379348874092102,
          0.8993312120437622,
          -1.6002554730221163e-06
        ],
        [
          -0.7545341849327087,
          0.4893617630004883,
          -0.43726810812950134,
          -14.577631950378418
        ],
        [
          -0.0,
          0.0,
          -0.0,
          1.0
        ]
      ],
      "camera_to_world": [
        [
          -0.5441396236419678,
          -0.3668655753135681,
          -0.7545340061187744,
          -10.999320983886719
        ],
        [
          -0.8389946818351746,
          0.2379348874092102,
          0.4893617630004883,
          7.133734226226807
        ],
        [
          -8.830665976233831e-09,
          0.8993312120437622,
          -0.43726804852485657,
          -6.374331474304199
        ],
        [
          0.0,
          0.0,
          0.0,
          1.0
        ]
      ]
    },
    {
      "image_id": 14,
      "file_name": "0013.png",
      "camera_id": 1,
      "camera_center_world": [
        12.737396240234375,
        6.513409614562988,
        -2.800280809402466
      ],
      "quaternion_wxyz_world_to_camera": [
        0.40291091799736023,
        0.33169126510620117,
        0.5421565771102905,
        -0.6585665941238403
      ],
      "translation_world_to_camera": [
        -1.9139936284773285e-06,
        -6.910984211572213e-07,
        14.577631950378418
      ],
      "world_to_camera": [
        [
          -0.45528748631477356,
          0.890344500541687,
          -2.2351741790771484e-08,
          -1.9139936284773285e-06
        ],
        [
          -0.17103010416030884,
          -0.08745815604925156,
          -0.9813764691352844,
          -6.910984211572213e-07
        ],
        [
          -0.8737631440162659,
          -0.446808397769928,
          0.19209431111812592,
          14.577631950378418
        ],
        [
          0.0,
          0.0,
          0.0,
          1.0
        ]
      ],
      "blender_world_to_camera": [
        [
          -0.45528748631477356,
          0.890344500541687,
          -2.2351741790771484e-08,
          -1.9139936284773285e-06
        ],
        [
          0.17103010416030884,
          0.08745815604925156,
          0.9813764691352844,
          6.910984211572213e-07
        ],
        [
          0.8737631440162659,
          0.446808397769928,
          -0.19209431111812592,
          -14.577631950378418
        ],
        [
          -0.0,
          0.0,
          0.0,
          1.0
        ]
      ],
      "camera_to_world": [
        [
          -0.45528745651245117,
          0.17103010416030884,
          0.8737631440162659,
          12.737396240234375
        ],
        [
          0.890344500541687,
          0.08745814859867096,
          0.446808397769928,
          6.513409614562988
        ],
        [
          -2.313817937249496e-08,
          0.9813764691352844,
          -0.19209431111812592,
          -2.800280809402466
        ],
        [
          0.0,
          0.0,
          0.0,
          1.0
        ]
      ]
    },
    {
      "image_id": 15,
      "file_name": "0014.png",
      "camera_id": 1,
      "camera_center_world": [
        -7.6684160232543945,
        5.89308500289917,
        10.907532691955566
      ],
      "quaternion_wxyz_world_to_camera": [
        0.15680666267871857,
        0.41320857405662537,
        -0.8386760354042053,
        0.3182653486728668
      ],
      "translation_world_to_camera": [
        -2.82899890180488e-07,
        2.905562723753974e-07,
        14.577630996704102
      ],
      "world_to_camera": [
        [
          -0.6093406677246094,
          -0.7929086089134216,
          0.0,
          -2.82899890180488e-07
        ],
        [
          -0.593284010887146,
          0.4559316337108612,
          -0.6634307503700256,
          2.905562723753974e-07
        ],
        [
          0.5260399580001831,
          -0.40425539016723633,
          -0.748237669467926,
          14.577630996704102
        ],
        [
          0.0,
          0.0,
          0.0,
          1.0
        ]
      ],
      "blender_world_to_camera": [
        [
          -0.6093406677246094,
          -0.7929086089134216,
          0.0,
          -2.82899890180488e-07
        ],
        [
          0.593284010887146,
          -0.4559316337108612,
          0.6634307503700256,
          -2.905562723753974e-07
        ],
        [
          -0.5260399580001831,
          0.40425539016723633,
          0.748237669467926,
          -14.577630996704102
        ],
        [
          -0.0,
          0.0,
          -0.0,
          1.0
        ]
      ],
      "camera_to_world": [
        [
          -0.6093406081199646,
          0.593284010887146,
          -0.5260398983955383,
          -7.6684160232543945
        ],
        [
          -0.7929084897041321,
          -0.4559316039085388,
          0.40425530076026917,
          5.89308500289917
        ],
        [
          1.8343071062076888e-08,
          0.6634308099746704,
          0.7482376098632812,
          10.907532691955566
        ],
        [
          0.0,
          0.0,
          0.0,
          1.0
        ]
      ]
    },
    {
      "image_id": 16,
      "file_name": "0015.png",
      "camera_id": 1,
      "camera_center_world": [
        -1.7465417385101318,
        5.272760391235352,
        -13.47794246673584
      ],
      "quaternion_wxyz_world_to_camera": [
        0.15621891617774963,
        0.030928462743759155,
        -0.19173365831375122,
        0.9684406518936157
      ],
      "translation_world_to_camera": [
        -1.3325761756277643e-06,
        4.123226631236321e-07,
        14.577631950378418
      ],
      "world_to_camera": [
        [
          -0.9492781162261963,
          -0.31443753838539124,
          -9.685754776000977e-08,
          -1.3325761756277643e-06
        ],
        [
          0.2907174229621887,
          -0.8776677250862122,
          -0.38102856278419495,
          4.123226631236321e-07
        ],
        [
          0.1198096051812172,
          -0.3617021143436432,
          0.9245632886886597,
          14.577631950378418
        ],
        [
          0.0,
          0.0,
          0.0,
          1.0
        ]
      ],
      "blender_world_to_camera": [
        [
          -0.9492781162261963,
          -0.31443753838539124,
          -9.685754776000977e-08,
          -1.3325761756277643e-06
        ],
        [
          -0.2907174229621887,
          0.8776677250862122,
          0.38102856278419495,
          -4.123226631236321e-07
        ],
        [
          -0.1198096051812172,
          0.3617021143436432,
          -0.9245632886886597,
          -14.577631950378418
        ],
        [
          -0.0,
          0.0,
          -0.0,
          1.0
        ]
      ],
      "camera_to_world": [
        [
          -0.9492781758308411,
          -0.2907174527645111,
          -0.1198096051812172,
          -1.7465417385101318
        ],
        [
          -0.31443753838539124,
          0.8776677250862122,
          0.3617021143436432,
          5.272760391235352
        ],
        [
          -8.742277657347586e-08,
          0.38102856278419495,
          -0.9245632290840149,
          -13.47794246673584
        ],
        [
          0.0,
          0.0,
          0.0,
          1.0
        ]
      ]
    },
    {
      "image_id": 17,
      "file_name": "0016.png",
      "camera_id": 1,
      "camera_center_world": [
        10.56384563446045,
        4.652435302734375,
        8.903220176696777
      ],
      "quaternion_wxyz_world_to_camera": [
        0.2410207837820053,
        0.49028775095939636,
        0.7516586184501648,
        -0.36950814723968506
      ],
      "translation_world_to_camera": [
        -3.3792974818425137e-07,
        -6.285811195994029e-07,
        14.577631950378418
      ],
      "world_to_camera": [
        [
          -0.40305379033088684,
          0.9151763319969177,
          -1.4901162970204496e-08,
          -3.3792974818425137e-07
        ],
        [
          0.5589396953582764,
          0.2461632341146469,
          -0.7918270230293274,
          -6.285811195994029e-07
        ],
        [
          -0.7246614098548889,
          -0.3191489279270172,
          -0.6107454895973206,
          14.577631950378418
        ],
        [
          0.0,
          0.0,
          0.0,
          1.0
        ]
      ],
      "blender_world_to_camera": [
        [
          -0.40305379033088684,
          0.9151763319969177,
          -1.4901162970204496e-08,
          -3.3792974818425137e-07
        ],
        [
          -0.5589396953582764,
          -0.2461632341146469,
          0.7918270230293274,
          6.285811195994029e-07
        ],
        [
          0.7246614098548889,
          0.3191489279270172,
          0.6107454895973206,
          -14.577631950378418
        ],
        [
          -0.0,
          0.0,
          -0.0,
          1.0
        ]
      ],
      "camera_to_world": [
        [
          -0.40305379033088684,
          -0.5589396953582764,
          0.7246612906455994,
          10.56384563446045
        ],
        [
          0.915176272392273,
          -0.2461632341146469,
          0.31914886832237244,
          4.652435302734375
        ],
        [
          3.81273501659507e-09,
          0.7918270826339722,
          0.6107453107833862,
          8.903220176696777
        ],
        [
          0.0,
          0.0,
          0.0,
          1.0
        ]
      ]
    },
    {
      "image_id": 18,
      "file_name": "0017.png",
      "camera_id": 1,
      "camera_center_world": [
        -13.996941566467285,
        4.032110691070557,
        0.5788174867630005
      ],
      "quaternion_wxyz_world_to_camera": [
        0.41667476296424866,
        0.4335610270500183,
        -0.5760882496833801,
        0.553650975227356
      ],
      "translation_world_to_camera": [
        -9.54501274463837e-07,
        3.360992877787794e-06,
        14.577631950378418
      ],
      "world_to_camera": [
        [
          -0.2768141031265259,
          -0.9609234929084778,
          6.519258732851085e-08,
          -9.54501274463837e-07
        ],
        [
          -0.038154102861881256,
          0.010991018265485764,
          -0.9992114305496216,
          3.360992877787794e-06
        ],
        [
          0.960165798664093,
          -0.2765958607196808,
          -0.03970564529299736,
          14.577631950378418
        ],
        [
          0.0,
          0.0,
          0.0,
          1.0
        ]
      ],
      "blender_world_to_camera": [
        [
          -0.2768141031265259,
          -0.9609234929084778,
          6.519258732851085e-08,
          -9.54501274463837e-07
        ],
        [
          0.038154102861881256,
          -0.010991018265485764,
          0.9992114305496216,
          -3.360992877787794e-06
        ],
        [
          -0.960165798664093,
          0.2765958607196808,
          0.03970564529299736,
          -14.577631950378418
        ],
        [
          -0.0,
          0.0,
          -0.0,
          1.0
        ]
      ],
      "camera_to_world": [
        [
          -0.27681413292884827,
          0.03815409913659096,
          -0.9601656794548035,
          -13.996941566467285
        ],
        [
          -0.9609234929084778,
          -0.010991018265485764,
          0.276595801115036,
          4.032110691070557
        ],
        [
          6.710870792403512e-08,
          0.9992114305496216,
          0.03970563784241676,
          0.5788174867630005
        ],
        [
          0.0,
          0.0,
          0.0,
          1.0
        ]
      ]
    },
    {
      "image_id": 19,
      "file_name": "0018.png",
      "camera_id": 1,
      "camera_center_world": [
        10.046067237854004,
        3.4117860794067383,
        -9.99717903137207
      ],
      "quaternion_wxyz_world_to_camera": [
        0.5347151756286621,
        0.23085086047649384,
        0.322200745344162,
        -0.7463070750236511
      ],
      "translation_world_to_camera": [
        -1.406855176355748e-06,
        2.8709034722851356e-06,
        14.577632904052734
      ],
      "world_to_camera": [
        [
          -0.32157501578330994,
          0.9468840956687927,
          4.470348713425665e-08,
          -1.406855176355748e-06
        ],
        [
          -0.6493628621101379,
          -0.22053262591362,
          -0.7278003692626953,
          2.8709034722851356e-06
        ],
        [
          -0.6891425848007202,
          -0.2340424358844757,
          0.685789167881012,
          14.577632904052734
        ],
        [
