{
  "camera_model": "PINHOLE",
  "intrinsics": {
    "width": 512,
    "height": 512,
    "fx": 711.1111111111111,
    "fy": 711.1111111111111,
    "cx": 256.0,
    "cy": 256.0
  },
  "images": [
    {
      "image_id": 1,
      "file_name": "0000.png",
      "camera_id": 1,
      "camera_center_world": [
        0.0,
        13.74061107635498,
        0.0
      ],
      "quaternion_wxyz_world_to_camera": [
        3.0908619663705394e-08,
        3.0908619663705394e-08,
        -0.7071067690849304,
        0.7071067690849304
      ],
      "translation_world_to_camera": [
        1.2012424122076482e-06,
        -1.0373872783020488e-06,
        13.74061107635498
      ],
      "world_to_camera": [
        [
          -1.0,
          -8.742277657347586e-08,
          0.0,
          1.2012424122076482e-06
        ],
        [
          -6.6002361555513294e-15,
          7.549790126404332e-08,
          -1.0,
          -1.0373872783020488e-06
        ],
        [
          8.742277657347586e-08,
          -1.0,
          -7.549790126404332e-08,
          13.74061107635498
        ],
        [
          0.0,
          0.0,
          0.0,
          1.0
        ]
      ],
      "blender_world_to_camera": [
        [
          -1.0,
          -8.742277657347586e-08,
          0.0,
          1.2012424122076482e-06
        ],
        [
          6.6002361555513294e-15,
          -7.549790126404332e-08,
          1.0,
          1.0373872783020488e-06
        ],
        [
          -8.742277657347586e-08,
          1.0,
          7.549790126404332e-08,
          -13.74061107635498
        ],
        [
          -0.0,
          0.0,
          -0.0,
          1.0
        ]
      ],
      "camera_to_world": [
        [
          -1.0,
          6.6002361555513294e-15,
          -8.742277657347586e-08,
          0.0
        ],
        [
          -8.742277657347586e-08,
          -7.549790126404332e-08,
          1.0,
          13.74061107635498
        ],
        [
          0.0,
          1.0,
          7.549790126404332e-08,
          0.0
        ],
        [
          0.0,
          0.0,
          0.0,
          1.0
        ]
      ]
    },
    {
      "image_id": 2,
      "file_name": "0001.png",
      "camera_id": 1,
      "camera_center_world": [
        -2.9241652488708496,
        13.155903816223145,
        2.678774833679199
      ],
      "quaternion_wxyz_world_to_camera": [
        0.06924327462911606,
        0.08436110615730286,
        -0.768348753452301,
        0.630657434463501
      ],
      "translation_world_to_camera": [
        -2.439290653910575e-07,
        2.3273878468899056e-07,
        13.740612030029297
      ],
      "world_to_camera": [
        [
          -0.9761770963668823,
          -0.21697503328323364,
          -2.2351743567128324e-08,
          -2.439290653910575e-07
        ],
        [
          -0.042299941182136536,
          0.19030876457691193,
          -0.9808126091957092,
          2.3273878468899056e-07
        ],
        [
          0.21281187236309052,
          -0.9574468731880188,
          -0.19495311379432678,
          13.740612030029297
        ],
        [
          0.0,
          0.0,
          0.0,
          1.0
        ]
      ],
      "blender_world_to_camera": [
        [
          -0.9761770963668823,
          -0.21697503328323364,
          -2.2351743567128324e-08,
          -2.439290653910575e-07
        ],
        [
          0.042299941182136536,
          -0.19030876457691193,
          0.9808126091957092,
          -2.3273878468899056e-07
        ],
        [
          -0.21281187236309052,
          0.9574468731880188,
          0.19495311379432678,
          -13.740612030029297
        ],
        [
          0.0,
          0.0,
          -0.0,
          1.0
        ]
      ],
      "camera_to_world": [
        [
          -0.9761771559715271,
          0.04229993745684624,
          -0.21281184256076813,
          -2.9241652488708496
        ],
        [
          -0.21697504818439484,
          -0.19030876457691193,
          0.9574467539787292,
          13.155903816223145
        ],
        [
          -1.9692791397574183e-08,
          0.9808125495910645,
          0.1949530839920044,
          2.678774833679199
        ],
        [
          0.0,
          0.0,
          0.0,
          1.0
        ]
      ]
    },
    {
      "image_id": 3,
      "file_name": "0002.png",
      "camera_id": 1,
      "camera_center_world": [
        0.484951913356781,
        12.571197509765625,
        -5.5257768630981445
      ],
      "quaternion_wxyz_world_to_camera": [
        0.016141032800078392,
        0.010539809241890907,
        0.5466390252113342,
        -0.8371464610099792
      ],
      "translation_world_to_camera": [
        -4.612556097072229e-07,
        4.695899065154663e-07,
        13.74061107635498
      ],
      "world_to_camera": [
        [
          -0.9992567896842957,
          0.038547761738300323,
          -8.754432911928234e-08,
          -4.612556097072229e-07
        ],
        [
          -0.015501875430345535,
          -0.4018504321575165,
          -0.9155741333961487,
          4.695899065154663e-07
        ],
        [
          -0.03529336676001549,
          -0.914893627166748,
          0.40214934945106506,
          13.74061107635498
        ],
        [
          0.0,
          0.0,
          0.0,
          1.0
        ]
      ],
      "blender_world_to_camera": [
        [
          -0.9992567896842957,
          0.038547761738300323,
          -8.754432911928234e-08,
          -4.612556097072229e-07
        ],
        [
          0.015501875430345535,
          0.4018504321575165,
          0.9155741333961487,
          -4.695899065154663e-07
        ],
        [
          0.03529336676001549,
          0.914893627166748,
          -0.40214934945106506,
          -13.74061107635498
        ],
        [
          -0.0,
          0.0,
          0.0,
          1.0
        ]
      ],
      "camera_to_world": [
        [
          -0.9992567300796509,
          0.015501873567700386,
          0.03529336303472519,
          0.484951913356781
        ],
        [
          0.038547758013010025,
          0.4018504321575165,
          0.914893627166748,
          12.571197509765625
        ],
        [
          -8.742277657347586e-08,
          0.9155740737915039,
          -0.4021493196487427,
          -5.5257768630981445
        ],
        [
          0.0,
          0.0,
          0.0,
          1.0
        ]
      ]
    },
    {
      "image_id": 4,
      "file_name": "0003.png",
      "camera_id": 1,
      "camera_center_world": [
        4.087352275848389,
        11.986490249633789,
        5.3312273025512695
      ],
      "quaternion_wxyz_world_to_camera": [
        0.09048722684383392,
        0.13627038896083832,
        0.8218428492546082,
        -0.54572594165802
      ],
      "translation_world_to_camera": [
        2.3567588414152851e-07,
        4.897937628811633e-07,
        13.74061107635498
      ],
      "world_to_camera": [
        [
          -0.9464849233627319,
          0.3227481245994568,
          -7.450581485102248e-09,
          2.3567588414152851e-07
        ],
        [
          0.12522321939468384,
          0.367227166891098,
          -0.9216633439064026,
          4.897937628811633e-07
        ],
        [
          -0.29746511578559875,
          -0.8723405003547668,
          -0.3879905641078949,
          13.74061107635498
        ],
        [
          0.0,
          0.0,
          0.0,
          1.0
        ]
      ],
      "blender_world_to_camera": [
        [
          -0.9464849233627319,
          0.3227481245994568,
          -7.450581485102248e-09,
          2.3567588414152851e-07
        ],
        [
          -0.12522321939468384,
          -0.367227166891098,
          0.9216633439064026,
          -4.897937628811633e-07
        ],
        [
          0.29746511578559875,
          0.8723405003547668,
          0.3879905641078949,
          -13.74061107635498
        ],
        [
          -0.0,
          -0.0,
          -0.0,
          1.0
        ]
      ],
      "camera_to_world": [
        [
          -0.9464848637580872,
          -0.12522321939468384,
          0.29746508598327637,
          4.087352275848389
        ],
        [
          0.3227480947971344,
          -0.367227166891098,
          0.8723403811454773,
          11.986490249633789
        ],
        [
          -1.2010546335261552e-08,
          0.9216633439064026,
          0.3879905045032501,
          5.3312273025512695
        ],
        [
          0.0,
          0.0,
          0.0,
          1.0
        ]
      ]
    },
    {
      "image_id": 5,
      "file_name": "0004.png",
      "camera_id": 1,
      "camera_center_world": [
        -7.551136016845703,
        11.40178394317627,
        -1.335689663887024
      ],
      "quaternion_wxyz_world_to_camera": [
        0.21355703473091125,
        0.1937151402235031,
        -0.6433278322219849,
        0.7092229127883911
      ],
      "translation_world_to_camera": [
        9.55301743488235e-07,
        9.590154377292492e-07,
        13.74061107635498
      ],
      "world_to_camera": [
        [
          -0.8337355256080627,
          -0.5521637201309204,
          3.7252898543727042e-09,
          9.55301743488235e-07
        ],
        [
          0.05367446318268776,
          -0.08104537427425385,
          -0.9952641725540161,
          9.590154377292492e-07
        ],
        [
          0.5495488047599792,
          -0.8297872543334961,
          0.09720750898122787,
          13.74061107635498
        ],
        [
          0.0,
          0.0,
          0.0,
          1.0
        ]
      ],
      "blender_world_to_camera": [
        [
          -0.8337355256080627,
          -0.5521637201309204,
          3.7252898543727042e-09,
          9.55301743488235e-07
        ],
        [
          -0.05367446318268776,
          0.08104537427425385,
          0.9952641725540161,
          -9.590154377292492e-07
        ],
        [
          -0.5495488047599792,
          0.8297872543334961,
          -0.09720750898122787,
          -13.74061107635498
        ],
        [
          0.0,
          0.0,
          -0.0,
          1.0
        ]
      ],
      "camera_to_world": [
        [
          -0.8337358236312866,
          -0.05367446318268776,
          -0.5495488047599792,
          -7.551136016845703
        ],
        [
          -0.55216383934021,
          0.08104536682367325,
          0.8297871947288513,
          11.40178394317627
        ],
        [
          1.7319480571931223e-10,
          0.9952641129493713,
          -0.09720750898122787,
          -1.335689663887024
        ],
        [
          0.0,
          0.0,
          0.0,
          1.0
        ]
      ]
    },
    {
      "image_id": 6,
      "file_name": "0005.png",
      "camera_id": 1,
      "camera_center_world": [
        7.149313449859619,
        10.817076683044434,
        -4.5478081703186035
      ],
      "quaternion_wxyz_world_to_camera": [
        0.23484298586845398,
        0.16649971902370453,
        0.5538862943649292,
        -0.7812404632568359
      ],
      "translation_world_to_camera": [
        1.4804168131377082e-06,
        -5.967044103272201e-07,
        13.740612030029297
      ],
      "world_to_camera": [
        [
          -0.8342532515525818,
          0.551381528377533,
          2.980232594040899e-08,
          1.4804168131377082e-06
        ],
        [
          -0.1824938803911209,
          -0.2761175036430359,
          -0.94363933801651,
          -5.967044103272201e-07
        ],
        [
          -0.520305335521698,
          -0.7872341871261597,
          0.33097565174102783,
          13.740612030029297
        ],
        [
          0.0,
          0.0,
          0.0,
          1.0
        ]
      ],
      "blender_world_to_camera": [
        [
          -0.8342532515525818,
          0.551381528377533,
          2.980232594040899e-08,
          1.4804168131377082e-06
        ],
        [
          0.1824938803911209,
          0.2761175036430359,
          0.94363933801651,
          5.967044103272201e-07
        ],
        [
          0.520305335521698,
          0.7872341871261597,
          -0.33097565174102783,
          -13.740612030029297
        ],
        [
          -0.0,
          -0.0,
          -0.0,
          1.0
        ]
      ],
      "camera_to_world": [
        [
          -0.834253191947937,
          0.18249386548995972,
          0.5203052163124084,
          7.149313449859619
        ],
        [
          0.551381528377533,
          0.2761174738407135,
          0.7872340679168701,
          10.817076683044434
        ],
        [
          1.969159058035075e-08,
          0.9436392784118652,
          -0.33097562193870544,
          -4.5478081703186035
        ],
        [
          0.0,
          0.0,
          0.0,
          1.0
        ]
      ]
    },
    {
      "image_id": 7,
      "file_name": "0006.png",
      "camera_id": 1,
      "camera_center_world": [
        -2.3807709217071533,
        10.232369422912598,
        8.856348991394043
      ],
      "quaternion_wxyz_world_to_camera": [
        0.048082586377859116,
        0.10342210531234741,
        -0.9008734226226807,
        0.4188304841518402
      ],
      "translation_world_to_camera": [
        8.002346163493712e-08,
        5.184614906283969e-07,
        13.74061107635498
      ],
      "world_to_camera": [
        [
          -0.973983883857727,
          -0.22661735117435455,
          0.0,
          8.002346163493712e-08
        ],
        [
          -0.14606355130672455,
          0.6277698278427124,
          -0.7645720839500427,
          5.184614906283969e-07
        ],
        [
          0.17326529324054718,
          -0.7446808815002441,
          -0.6445382237434387,
          13.74061107635498
        ],
        [
          0.0,
          0.0,
          0.0,
          1.0
        ]
      ],
      "blender_world_to_camera": [
        [
          -0.973983883857727,
          -0.22661735117435455,
          0.0,
          8.002346163493712e-08
        ],
        [
          0.14606355130672455,
          -0.6277698278427124,
          0.7645720839500427,
          -5.184614906283969e-07
        ],
        [
          -0.17326529324054718,
          0.7446808815002441,
          0.6445382237434387,
          -13.74061107635498
        ],
        [
          -0.0,
          0.0,
          -0.0,
          1.0
        ]
      ],
      "camera_to_world": [
        [
          -0.973983883857727,
          0.14606355130672455,
          -0.17326530814170837,
          -2.3807709217071533
        ],
        [
          -0.22661735117435455,
          -0.6277698278427124,
          0.7446808815002441,
          10.232369422912598
        ],
        [
          6.660720308637735e-10,
          0.7645720839500427,
          0.6445382237434387,
          8.856348991394043
        ],
        [
          0.0,
          0.0,
          0.0,
          1.0
        ]
      ]
    },
    {
      "image_id": 8,
      "file_name": "0007.png",
      "camera_id": 1,
      "camera_center_world": [
        -4.509521961212158,
        9.647663116455078,
        -8.68281078338623
      ],
      "quaternion_wxyz_world_to_camera": [
        0.1959133893251419,
        0.09304525703191757,
        -0.41879379749298096,
        0.8818005919456482
      ],
      "translation_world_to_camera": [
        2.945903077034018e-07,
        1.4978456874814583e-06,
        13.74061107635498
      ],
      "world_to_camera": [
        [
          -0.9059211015701294,
          -0.4234466552734375,
          1.0430814256778831e-07,
          2.945903077034018e-07
        ],
        [
          0.2675795257091522,
          -0.57245934009552,
          -0.7750427722930908,
          1.4978456874814583e-06
        ],
        [
          0.32818934321403503,
          -0.7021276354789734,
          0.631908655166626,
          13.74061107635498
        ],
        [
          0.0,
          0.0,
          0.0,
          1.0
        ]
      ],
      "blender_world_to_camera": [
        [
          -0.9059211015701294,
          -0.4234466552734375,
          1.0430814256778831e-07,
          2.945903077034018e-07
        ],
        [
          -0.2675795257091522,
          0.57245934009552,
          0.7750427722930908,
          -1.4978456874814583e-06
        ],
        [
          -0.32818934321403503,
          0.7021276354789734,
          -0.631908655166626,
          -13.74061107635498
        ],
        [
          0.0,
          0.0,
          -0.0,
          1.0
        ]
      ],
      "camera_to_world": [
        [
          -0.9059209823608398,
          -0.2675795257091522,
          -0.32818928360939026,
          -4.509521961212158
        ],
        [
          -0.4234465956687927,
          0.5724593997001648,
          0.7021275162696838,
          9.647663116455078
        ],
        [
          8.74227694680485e-08,
          0.7750428318977356,
          -0.631908655166626,
          -8.68281078338623
        ],
        [
          0.0,
          0.0,
          0.0,
          1.0
        ]
      ]
    },
    {
      "image_id": 9,
      "file_name": "0008.png",
      "camera_id": 1,
      "camera_center_world": [
        9.7012939453125,
        9.062955856323242,
        3.5428967475891113
      ],
      "quaternion_wxyz_world_to_camera": [
        0.24265143275260925,
        0.3158983588218689,
        0.7274124622344971,
        -0.5587482452392578
      ],
      "translation_world_to_camera": [
        1.5050836736918427e-06,
        -8.596450697950786e-07,
        13.740612030029297
      ],
      "world_to_camera": [
        [
          -0.6826570630073547,
          0.7307389378547668,
          2.2351743567128324e-08,
          1.5050836736918427e-06
        ],
        [
          0.18841469287872314,
          0.17601722478866577,
          -0.9661871790885925,
          -8.596450697950786e-07
        ],
        [
          -0.7060307264328003,
          -0.659574568271637,
          -0.2578413486480713,
          13.740612030029297
        ],
        [
          0.0,
          0.0,
          0.0,
          1.0
        ]
      ],
      "blender_world_to_camera": [
        [
          -0.6826570630073547,
          0.7307389378547668,
          2.2351743567128324e-08,
          1.5050836736918427e-06
        ],
        [
          -0.18841469287872314,
          -0.17601722478866577,
          0.9661871790885925,
          8.596450697950786e-07
        ],
        [
          0.7060307264328003,
          0.659574568271637,
          0.2578413486480713,
          -13.740612030029297
        ],
        [
          -0.0,
          0.0,
          -0.0,
          1.0
        ]
      ],
      "camera_to_world": [
        [
          -0.68265700340271,
          -0.18841469287872314,
          0.7060306072235107,
          9.7012939453125
        ],
        [
          0.7307389378547668,
          -0.17601720988750458,
          0.6595744490623474,
          9.062955856323242
        ],
        [
          3.3369836671681696e-08,
          0.9661872982978821,
          0.2578413188457489,
          3.5428967475891113
        ],
        [
          0.0,
          0.0,
          0.0,
          1.0
        ]
      ]
    },
    {
      "image_id": 10,
      "file_name": "0009.png",
      "camera_id": 1,
      "camera_center_world": [
        -9.995064735412598,
        8.478249549865723,
        4.12581729888916
      ],
      "quaternion_wxyz_world_to_camera": [
        0.24854442477226257,
        0.3388074040412903,
        -0.7316704988479614,
        0.5367434024810791
      ],
      "translation_world_to_camera": [
        3.8023646453666515e-08,
        5.178619630896719e-07,
        13.740612030029297
      ],
      "world_to_camera": [
        [
          -0.6468704342842102,
          -0.7625999450683594,
          0.0,
          3.8023646453666515e-08
        ],
        [
          -0.22898165881633759,
          0.19423221051692963,
          -0.9538561105728149,
          5.178619630896719e-07
        ],
        [
          0.7274104952812195,
          -0.6170213222503662,
          -0.300264447927475,
          13.740612030029297
        ],
        [
          0.0,
          0.0,
          0.0,
          1.0
        ]
      ],
      "blender_world_to_camera": [
        [
          -0.6468704342842102,
          -0.7625999450683594,
          0.0,
          3.8023646453666515e-08
        ],
        [
          0.22898165881633759,
          -0.19423221051692963,
          0.9538561105728149,
          -5.178619630896719e-07
        ],
        [
          -0.7274104952812195,
          0.6170213222503662,
          0.300264447927475,
          -13.740612030029297
        ],
        [
          -0.0,
          0.0,
          -0.0,
          1.0
        ]
      ],
      "camera_to_world": [
        [
          -0.646870493888855,
          0.228981614112854,
          -0.7274104952812195,
          -9.995064735412598
        ],
        [
          -0.7625998854637146,
          -0.19423216581344604,
          0.6170212626457214,
          8.478249549865723
        ],
        [
          2.332047976949525e-08,
          0.9538559317588806,
          0.3002644181251526,
          4.12581729888916
        ],
        [
          0.0,
          0.0,
          0.0,
          1.0
        ]
      ]
    },
    {
      "image_id": 11,
      "file_name": "0010.png",
      "camera_id": 1,
      "camera_center_world": [
        4.767021656036377,
        7.893542289733887,
        -10.186848640441895
      ],
      "quaternion_wxyz_world_to_camera": [
        0.25036847591400146,
        0.09648852795362473,
        0.3464187979698181,
        -0.8988879919052124
      ],
      "translation_world_to_camera": [
        -1.2679779501922894e-06,
        -8.483084457111545e-08,
        13.740612030029297
      ],
      "world_to_camera": [
        [
          -0.8560112714767456,
          0.5169573426246643,
          -8.940698137394065e-08,
          -1.2679779501922894e-06
        ],
        [
          -0.3832555115222931,
          -0.6346193552017212,
          -0.6710987687110901,
          -8.483084457111545e-08
        ],
        [
          -0.3469294309616089,
          -0.5744680166244507,
          0.7413679957389832,
          13.740612030029297
        ],
        [
          0.0,
          0.0,
          0.0,
          1.0
        ]
      ],
      "blender_world_to_camera": [
        [
          -0.8560112714767456,
          0.5169573426246643,
          -8.940698137394065e-08,
          -1.2679779501922894e-06
        ],
        [
          0.3832555115222931,
          0.6346193552017212,
          0.6710987687110901,
          8.483084457111545e-08
        ],
        [
          0.3469294309616089,
          0.5744680166244507,
          -0.7413679957389832,
          -13.740612030029297
        ],
        [
          -0.0,
          0.0,
          0.0,
          1.0
        ]
      ],
      "camera_to_world": [
        [
          -0.856011152267456,
          0.3832555115222931,
          0.3469294607639313,
          4.767021656036377
        ],
        [
          0.5169572234153748,
          0.6346192955970764,
          0.5744680166244507,
          7.893542289733887
        ],
        [
          -8.74227694680485e-08,
          0.6710987687110901,
          -0.7413679361343384,
          -10.186848640441895
        ],
        [
          0.0,
          0.0,
          0.0,
          1.0
        ]
      ]
    },
    {
      "image_id": 12,
      "file_name": "0011.png",
      "camera_id": 1,
      "camera_center_world": [
        3.482323169708252,
        7.308835506439209,
        11.102194786071777
      ],
      "quaternion_wxyz_world_to_camera": [
        0.06831919401884079,
        0.20963869988918304,
        0.9273853898048401,
        -0.30222582817077637
      ],
      "translation_world_to_camera": [
        5.503418947228056e-07,
        3.27923117993123e-07,
        13.74061107635498
      ],
      "world_to_camera": [
        [
          -0.9027682542800903,
          0.4301273822784424,
          -2.980232949312267e-08,
          5.503418947228056e-07
        ],
        [
          0.3475360870361328,
          0.729422390460968,
          -0.5892043709754944,
          3.27923117993123e-07
        ],
        [
          -0.2534329295158386,
          -0.5319149494171143,
          -0.8079841136932373,
          13.74061107635498
        ],
        [
          0.0,
          0.0,
          0.0,
          1.0
        ]
      ],
      "blender_world_to_camera": [
        [
          -0.9027682542800903,
          0.4301273822784424,
          -2.980232949312267e-08,
          5.503418947228056e-07
        ],
        [
          -0.3475360870361328,
          -0.729422390460968,
          0.5892043709754944,
          -3.27923117993123e-07
        ],
        [
          0.2534329295158386,
          0.5319149494171143,
          0.8079841136932373,
          -13.74061107635498
        ],
        [
          -0.0,
          -0.0,
          -0.0,
          1.0
        ]
      ],
      "camera_to_world": [
        [
          -0.9027681946754456,
          -0.3475360572338104,
          0.25343286991119385,
          3.482323169708252
        ],
        [
          0.4301273822784424,
          -0.7294222712516785,
          0.5319148898124695,
          7.308835506439209
        ],
        [
          -9.816588431021955e-09,
          0.5892042517662048,
          0.8079839944839478,
          11.102194786071777
        ],
        [
          0.0,
          0.0,
          0.0,
          1.0
        ]
      ]
    },
    {
      "image_id": 13,
      "file_name": "0012.png",
      "camera_id": 1,
      "camera_center_world": [
        -10.36776065826416,
        6.724128723144531,
        -6.008329391479492
      ],
      "quaternion_wxyz_world_to_camera": [
        0.40472009778022766,
        0.2532425820827484,
        -0.466083824634552,
        0.7448729276657104
      ],
      "translation_world_to_camera": [
        -1.6268725175905274e-06,
        1.2001916047665873e-06,
        13.740612030029297
      ],
      "world_to_camera": [
        [
          -0.5441396832466125,
          -0.8389947414398193,
          2.980232594040899e-08,
          -1.6268725175905274e-06
        ],
        [
          0.3668655455112457,
          -0.2379349023103714,
          -0.8993312120437622,
          1.2001916047665873e-06
        ],
        [
          0.7545341849327087,
          -0.4893617630004883,
          0.43726807832717896,
          13.740612030029297
        ],
        [
          0.0,
          0.0,
          0.0,
          1.0
        ]
      ],
      "blender_world_to_camera": [
        [
          -0.5441396832466125,
          -0.8389947414398193,
          2.980232594040899e-08,
          -1.6268725175905274e-06
        ],
        [
          -0.3668655455112457,
          0.2379349023103714,
          0.8993312120437622,
          -1.2001916047665873e-06
        ],
        [
          -0.7545341849327087,
          0.4893617630004883,
          -0.43726807832717896,
          -13.740612030029297
        ],
        [
          0.0,
          0.0,
          -0.0,
          1.0
        ]
      ],
      "camera_to_world": [
        [
          -0.544139564037323,
          -0.3668655455112457,
          -0.7545340657234192,
          -10.36776065826416
        ],
        [
          -0.8389946222305298,
          0.2379349172115326,
          0.4893617331981659,
          6.724128723144531
        ],
        [
          3.190964648069894e-08,
          0.8993312120437622,
          -0.43726804852485657,
          -6.008329391479492
        ],
        [
          0.0,
          0.0,
          0.0,
          1.0
        ]
      ]
    },
    {
      "image_id": 14,
      "file_name": "0013.png",
      "camera_id": 1,
      "camera_center_world": [
        12.006038665771484,
        6.1394219398498535,
        -2.639493942260742
      ],
      "quaternion_wxyz_world_to_camera": [
        0.40291091799736023,
        0.33169126510620117,
        0.5421565771102905,
        -0.6585665941238403
      ],
      "translation_world_to_camera": [
        -1.446036890229152e-06,
        -6.910984211572213e-07,
        13.740612030029297
      ],
      "world_to_camera": [
        [
          -0.45528748631477356,
          0.890344500541687,
          -2.2351741790771484e-08,
          -1.446036890229152e-06
        ],
        [
          -0.17103010416030884,
          -0.08745815604925156,
          -0.9813764691352844,
          -6.910984211572213e-07
        ],
        [
          -0.8737631440162659,
          -0.446808397769928,
          0.19209431111812592,
          13.740612030029297
        ],
        [
          0.0,
          0.0,
          0.0,
          1.0
        ]
      ],
      "blender_world_to_camera": [
        [
          -0.45528748631477356,
          0.890344500541687,
          -2.2351741790771484e-08,
          -1.446036890229152e-06
        ],
        [
          0.17103010416030884,
          0.08745815604925156,
          0.9813764691352844,
          6.910984211572213e-07
        ],
        [
          0.8737631440162659,
          0.446808397769928,
          -0.19209431111812592,
          -13.740612030029297
        ],
        [
          -0.0,
          0.0,
          0.0,
          1.0
        ]
      ],
      "camera_to_world": [
        [
          -0.45528745651245117,
          0.17103010416030884,
          0.8737631440162659,
          12.006038665771484
        ],
        [
          0.890344500541687,
          0.08745814859867096,
          0.446808397769928,
          6.1394219398498535
        ],
        [
          -2.313817937249496e-08,
          0.9813764691352844,
          -0.19209431111812592,
          -2.639493942260742
        ],
        [
          0.0,
          0.0,
          0.0,
          1.0
        ]
      ]
    },
    {
      "image_id": 15,
      "file_name": "0014.png",
      "camera_id": 1,
      "camera_center_world": [
        -7.228110313415527,
        5.554715156555176,
        10.281242370605469
      ],
      "quaternion_wxyz_world_to_camera": [
        0.15680666267871857,
        0.413208544254303,
        -0.8386760354042053,
        0.3182654082775116
      ],
      "translation_world_to_camera": [
        -5.992483806949167e-07,
        2.905563007971068e-07,
        13.740612983703613
      ],
      "world_to_camera": [
        [
          -0.6093407273292542,
          -0.7929084897041321,
          2.980232594040899e-08,
          -5.992483806949167e-07
        ],
        [
          -0.593284010887146,
          0.4559316039085388,
          -0.6634308099746704,
          2.905563007971068e-07
        ],
        [
          0.5260400772094727,
          -0.4042554497718811,
          -0.748237669467926,
          13.740612983703613
        ],
        [
          0.0,
          0.0,
          0.0,
          1.0
        ]
      ],
      "blender_world_to_camera": [
        [
          -0.6093407273292542,
          -0.7929084897041321,
          2.980232594040899e-08,
          -5.992483806949167e-07
        ],
        [
          0.593284010887146,
          -0.4559316039085388,
          0.6634308099746704,
          -2.905563007971068e-07
        ],
        [
          -0.5260400772094727,
          0.4042554497718811,
          0.748237669467926,
          -13.740612983703613
        ],
        [
          0.0,
          0.0,
          -0.0,
          1.0
        ]
      ],
      "camera_to_world": [
        [
          -0.6093406677246094,
          0.593284010887146,
          -0.5260398983955383,
          -7.228110313415527
        ],
        [
          -0.7929085493087769,
          -0.4559316039085388,
          0.40425536036491394,
          5.554715156555176
        ],
        [
          -9.923581956172711e-10,
          0.6634308695793152,
          0.7482375502586365,
          10.281242370605469
        ],
        [
          0.0,
          0.0,
          0.0,
          1.0
        ]
      ]
    },
    {
      "image_id": 16,
      "file_name": "0015.png",
      "camera_id": 1,
      "camera_center_world": [
        -1.6462585926055908,
        4.970008373260498,
        -12.70406436920166
      ],
      "quaternion_wxyz_world_to_camera": [
        0.15621891617774963,
        0.030928466469049454,
        -0.1917336881160736,
        0.968440592288971
      ],
      "translation_world_to_camera": [
        -1.423284743395925e-06,
        -5.679473815689562e-07,
        13.740612030029297
      ],
      "world_to_camera": [
        [
          -0.9492781758308411,
          -0.31443753838539124,
          -8.94069742685133e-08,
          -1.423284743395925e-06
        ],
        [
          0.29071739315986633,
          -0.8776677250862122,
          -0.3810286223888397,
          -5.679473815689562e-07
        ],
        [
          0.11980961263179779,
          -0.36170217394828796,
          0.9245633482933044,
          13.740612030029297
        ],
        [
          0.0,
          0.0,
          0.0,
          1.0
        ]
      ],
      "blender_world_to_camera": [
        [
          -0.9492781758308411,
          -0.31443753838539124,
          -8.94069742685133e-08,
          -1.423284743395925e-06
        ],
        [
          -0.29071739315986633,
          0.8776677250862122,
          0.3810286223888397,
          5.679473815689562e-07
        ],
        [
          -0.11980961263179779,
          0.36170217394828796,
          -0.9245633482933044,
          -13.740612030029297
        ],
        [
          -0.0,
          0.0,
          -0.0,
          1.0
        ]
      ],
      "camera_to_world": [
        [
          -0.9492781758308411,
          -0.2907174229621887,
          -0.1198096051812172,
          -1.6462585926055908
        ],
        [
          -0.31443750858306885,
          0.8776677250862122,
          0.3617021441459656,
          4.970008373260498
        ],
        [
          -8.742277657347586e-08,
          0.38102859258651733,
          -0.9245631694793701,
          -12.70406436920166
        ],
        [
          0.0,
          0.0,
          0.0,
          1.0
        ]
      ]
    },
    {
      "image_id": 17,
      "file_name": "0016.png",
      "camera_id": 1,
      "camera_center_world": [
        9.957289695739746,
        4.38530158996582,
        8.392014503479004
      ],
      "quaternion_wxyz_world_to_camera": [
        0.24102073907852173,
        0.49028775095939636,
        0.7516586184501648,
        -0.36950814723968506
      ],
      "translation_world_to_camera": [
        8.561633535464352e-08,
        -1.5013612255643238e-06,
        13.74061107635498
      ],
      "world_to_camera": [
        [
          -0.403053879737854,
          0.9151762127876282,
          7.450580596923828e-08,
          8.561633535464352e-08
        ],
        [
          0.5589397549629211,
          0.24616338312625885,
          -0.7918270230293274,
          -1.5013612255643238e-06
        ],
        [
          -0.7246612310409546,
          -0.3191489279270172,
          -0.6107454895973206,
          13.74061107635498
        ],
        [
          0.0,
          0.0,
          0.0,
          1.0
        ]
      ],
      "blender_world_to_camera": [
        [
          -0.403053879737854,
          0.9151762127876282,
          7.450580596923828e-08,
          8.561633535464352e-08
        ],
        [
          -0.5589397549629211,
          -0.24616338312625885,
          0.7918270230293274,
          1.5013612255643238e-06
        ],
        [
          0.7246612310409546,
          0.3191489279270172,
          0.6107454895973206,
          -13.74061107635498
        ],
        [
          -0.0,
          0.0,
          -0.0,
          1.0
        ]
      ],
      "camera_to_world": [
        [
          -0.4030539095401764,
          -0.5589396953582764,
          0.7246612906455994,
          9.957289695739746
        ],
        [
          0.915176272392273,
          -0.24616338312625885,
          0.3191489279270172,
          4.38530158996582
        ],
        [
          6.13913044844594e-08,
          0.7918269634246826,
          0.6107454299926758,
          8.392014503479004
        ],
        [
          0.0,
          0.0,
          0.0,
          1.0
        ]
      ]
    },
    {
      "image_id": 18,
      "file_name": "0017.png",
      "camera_id": 1,
      "camera_center_world": [
        -13.19326400756836,
        3.8005945682525635,
        0.5455828905105591
      ],
      "quaternion_wxyz_world_to_camera": [
        0.4166747033596039,
        0.4335610568523407,
        -0.5760883092880249,
        0.5536509156227112
      ],
      "translation_world_to_camera": [
        -1.192486365653167e-06,
        1.4983573919380433e-06,
        13.74061107635498
      ],
      "world_to_camera": [
        [
          -0.2768141031265259,
          -0.9609235525131226,
          1.341104507446289e-07,
          -1.192486365653167e-06
        ],
        [
          -0.0381542332470417,
          0.010990984737873077,
          -0.9992113709449768,
          1.4983573919380433e-06
        ],
        [
          0.9601656794548035,
          -0.276595801115036,
          -0.039705757051706314,
          13.74061107635498
        ],
        [
          0.0,
          0.0,
          0.0,
          1.0
        ]
      ],
      "blender_world_to_camera": [
        [
          -0.2768141031265259,
          -0.9609235525131226,
          1.341104507446289e-07,
          -1.192486365653167e-06
        ],
        [
          0.0381542332470417,
          -0.010990984737873077,
          0.9992113709449768,
          -1.4983573919380433e-06
        ],
        [
          -0.9601656794548035,
          0.276595801115036,
          0.039705757051706314,
          -13.74061107635498
        ],
        [
          -0.0,
          0.0,
          -0.0,
          1.0
        ]
      ],
      "camera_to_world": [
        [
          -0.2768141031265259,
          0.0381542332470417,
          -0.9601657390594482,
          -13.19326400756836
        ],
        [
          -0.960923433303833,
          -0.010990985669195652,
          0.2765958309173584,
          3.8005945682525635
        ],
        [
          1.3444639535009628e-07,
          0.9992114305496216,
          0.03970576077699661,
          0.5455828905105591
        ],
        [
          0.0,
          0.0,
          0.0,
          1.0
        ]
      ]
    },
    {
      "image_id": 19,
      "file_name": "0018.png",
      "camera_id": 1,
      "camera_center_world": [
        9.46924114227295,
        3.2158877849578857,
        -9.4231595993042
      ],
      "quaternion_wxyz_world_to_camera": [
        0.5347151756286621,
        0.2308509200811386,
        0.32220080494880676,
        -0.7463070154190063
      ],
      "translation_world_to_camera": [
        -1.3688612625628593e-06,
        -6.730106747454556e-07,
        13.740612030029297
      ],
      "world_to_camera": [
        [
          -0.32157501578330994,
          0.9468841552734375,
          4.470348358154297e-08,
          -1.3688612625628593e-06
        ],
        [
          -0.6493626236915588,
          -0.22053256630897522,
          -0.7278004288673401,
          -6.730106747454556e-07
        ],
        [
          -0.6891427040100098,
          -0.2340424656867981,
          0.6857889890670776,
          13.740612030029297
        ],
        [
          0.0,
          0.0,
          0.0,
          1.0
        ]
      ],
