{
  "camera_model": "PINHOLE",
  "intrinsics": {
    "width": 512,
    "height": 512,
    "fx": 711.1111111111111,
    "fy": 711.1111111111111,
    "cx": 256.0,
    "cy": 256.0
  },
  "images": [
    {
      "image_id": 1,
      "file_name": "0000.png",
      "camera_id": 1,
      "camera_center_world": [
        0.0,
        13.74463176727295,
        0.0
      ],
      "quaternion_wxyz_world_to_camera": [
        3.0908619663705394e-08,
        3.0908619663705394e-08,
        -0.7071067690849304,
        0.7071067690849304
      ],
      "translation_world_to_camera": [
        1.2015938182230457e-06,
        -1.0376908221587655e-06,
        13.74463176727295
      ],
      "world_to_camera": [
        [
          -1.0,
          -8.742277657347586e-08,
          0.0,
          1.2015938182230457e-06
        ],
        [
          -6.6002361555513294e-15,
          7.549790126404332e-08,
          -1.0,
          -1.0376908221587655e-06
        ],
        [
          8.742277657347586e-08,
          -1.0,
          -7.549790126404332e-08,
          13.74463176727295
        ],
        [
          0.0,
          0.0,
          0.0,
          1.0
        ]
      ],
      "blender_world_to_camera": [
        [
          -1.0,
          -8.742277657347586e-08,
          0.0,
          1.2015938182230457e-06
        ],
        [
          6.6002361555513294e-15,
          -7.549790126404332e-08,
          1.0,
          1.0376908221587655e-06
        ],
        [
          -8.742277657347586e-08,
          1.0,
          7.549790126404332e-08,
          -13.74463176727295
        ],
        [
          -0.0,
          0.0,
          -0.0,
          1.0
        ]
      ],
      "camera_to_world": [
        [
          -1.0,
          6.6002361555513294e-15,
          -8.742277657347586e-08,
          0.0
        ],
        [
          -8.742277657347586e-08,
          -7.549790126404332e-08,
          1.0,
          13.74463176727295
        ],
        [
          0.0,
          1.0,
          7.549790126404332e-08,
          0.0
        ],
        [
          0.0,
          0.0,
          0.0,
          1.0
        ]
      ]
    },
    {
      "image_id": 2,
      "file_name": "0001.png",
      "camera_id": 1,
      "camera_center_world": [
        -2.925020933151245,
        13.159753799438477,
        2.679558753967285
      ],
      "quaternion_wxyz_world_to_camera": [
        0.06924325972795486,
        0.08436111360788345,
        -0.768348753452301,
        0.630657434463501
      ],
      "translation_world_to_camera": [
        -2.439290369693481e-07,
        2.3273877047813585e-07,
        13.744630813598633
      ],
      "world_to_camera": [
        [
          -0.9761770963668823,
          -0.21697504818439484,
          -7.450580596923828e-09,
          -2.439290369693481e-07
        ],
        [
          -0.04229995235800743,
          0.19030876457691193,
          -0.9808126091957092,
          2.3273877047813585e-07
        ],
        [
          0.21281185746192932,
          -0.957446813583374,
          -0.1949530839920044,
          13.744630813598633
        ],
        [
          0.0,
          0.0,
          0.0,
          1.0
        ]
      ],
      "blender_world_to_camera": [
        [
          -0.9761770963668823,
          -0.21697504818439484,
          -7.450580596923828e-09,
          -2.439290369693481e-07
        ],
        [
          0.04229995235800743,
          -0.19030876457691193,
          0.9808126091957092,
          -2.3273877047813585e-07
        ],
        [
          -0.21281185746192932,
          0.957446813583374,
          0.1949530839920044,
          -13.744630813598633
        ],
        [
          0.0,
          0.0,
          -0.0,
          1.0
        ]
      ],
      "camera_to_world": [
        [
          -0.9761771559715271,
          0.04229994863271713,
          -0.21281185746192932,
          -2.925020933151245
        ],
        [
          -0.21697504818439484,
          -0.19030874967575073,
          0.957446813583374,
          13.159753799438477
        ],
        [
          -8.243503657467954e-09,
          0.9808125495910645,
          0.1949530988931656,
          2.679558753967285
        ],
        [
          0.0,
          0.0,
          0.0,
          1.0
        ]
      ]
    },
    {
      "image_id": 3,
      "file_name": "0002.png",
      "camera_id": 1,
      "camera_center_world": [
        0.4850938320159912,
        12.574875831604004,
        -5.5273942947387695
      ],
      "quaternion_wxyz_world_to_camera": [
        0.016141032800078392,
        0.010539809241890907,
        0.5466390252113342,
        -0.8371464610099792
      ],
      "translation_world_to_camera": [
        -4.538637483619823e-07,
        -6.892840520578147e-09,
        13.744632720947266
      ],
      "world_to_camera": [
        [
          -0.9992567896842957,
          0.038547761738300323,
          -8.754432911928234e-08,
          -4.538637483619823e-07
        ],
        [
          -0.015501875430345535,
          -0.4018504321575165,
          -0.9155741333961487,
          -6.892840520578147e-09
        ],
        [
          -0.03529336676001549,
          -0.914893627166748,
          0.40214934945106506,
          13.744632720947266
        ],
        [
          0.0,
          0.0,
          0.0,
          1.0
        ]
      ],
      "blender_world_to_camera": [
        [
          -0.9992567896842957,
          0.038547761738300323,
          -8.754432911928234e-08,
          -4.538637483619823e-07
        ],
        [
          0.015501875430345535,
          0.4018504321575165,
          0.9155741333961487,
          6.892840520578147e-09
        ],
        [
          0.03529336676001549,
          0.914893627166748,
          -0.40214934945106506,
          -13.744632720947266
        ],
        [
          -0.0,
          0.0,
          0.0,
          1.0
        ]
      ],
      "camera_to_world": [
        [
          -0.9992567300796509,
          0.015501873567700386,
          0.03529336303472519,
          0.4850938320159912
        ],
        [
          0.038547758013010025,
          0.4018504321575165,
          0.914893627166748,
          12.574875831604004
        ],
        [
          -8.742277657347586e-08,
          0.9155740737915039,
          -0.4021493196487427,
          -5.5273942947387695
        ],
        [
          0.0,
          0.0,
          0.0,
          1.0
        ]
      ]
    },
    {
      "image_id": 4,
      "file_name": "0003.png",
      "camera_id": 1,
      "camera_center_world": [
        4.08854866027832,
        11.989997863769531,
        5.33278751373291
      ],
      "quaternion_wxyz_world_to_camera": [
        0.09048722684383392,
        0.13627038896083832,
        0.8218428492546082,
        -0.54572594165802
      ],
      "translation_world_to_camera": [
        4.991944706489448e-07,
        4.5131918113838765e-07,
        13.744632720947266
      ],
      "world_to_camera": [
        [
          -0.9464848637580872,
          0.3227480947971344,
          -3.725290653733282e-08,
          4.991944706489448e-07
        ],
        [
          0.12522326409816742,
          0.3672272264957428,
          -0.9216634035110474,
          4.5131918113838765e-07
        ],
        [
          -0.29746511578559875,
          -0.8723404407501221,
          -0.3879905343055725,
          13.744632720947266
        ],
        [
          0.0,
          0.0,
          0.0,
          1.0
        ]
      ],
      "blender_world_to_camera": [
        [
          -0.9464848637580872,
          0.3227480947971344,
          -3.725290653733282e-08,
          4.991944706489448e-07
        ],
        [
          -0.12522326409816742,
          -0.3672272264957428,
          0.9216634035110474,
          -4.5131918113838765e-07
        ],
        [
          0.29746511578559875,
          0.8723404407501221,
          0.3879905343055725,
          -13.744632720947266
        ],
        [
          -0.0,
          -0.0,
          -0.0,
          1.0
        ]
      ],
      "camera_to_world": [
        [
          -0.9464849233627319,
          -0.12522323429584503,
          0.29746508598327637,
          4.08854866027832
        ],
        [
          0.3227481245994568,
          -0.36722713708877563,
          0.8723404407501221,
          11.989997863769531
        ],
        [
          -3.229193268339259e-08,
          0.9216632843017578,
          0.3879905343055725,
          5.33278751373291
        ],
        [
          0.0,
          0.0,
          0.0,
          1.0
        ]
      ]
    },
    {
      "image_id": 5,
      "file_name": "0004.png",
      "camera_id": 1,
      "camera_center_world": [
        -7.553345680236816,
        11.405119895935059,
        -1.336080551147461
      ],
      "quaternion_wxyz_world_to_camera": [
        0.21355704963207245,
        0.19371511042118073,
        -0.6433278322219849,
        0.7092229127883911
      ],
      "translation_world_to_camera": [
        4.855535848946602e-07,
        9.261040077035432e-07,
        13.744630813598633
      ],
      "world_to_camera": [
        [
          -0.8337356448173523,
          -0.5521637797355652,
          7.450580596923828e-09,
          4.855535848946602e-07
        ],
        [
          0.05367446690797806,
          -0.08104537427425385,
          -0.9952641725540161,
          9.261040077035432e-07
        ],
        [
          0.5495488047599792,
          -0.8297872543334961,
          0.09720750898122787,
          13.744630813598633
        ],
        [
          0.0,
          0.0,
          0.0,
          1.0
        ]
      ],
      "blender_world_to_camera": [
        [
          -0.8337356448173523,
          -0.5521637797355652,
          7.450580596923828e-09,
          4.855535848946602e-07
        ],
        [
          -0.05367446690797806,
          0.08104537427425385,
          0.9952641725540161,
          -9.261040077035432e-07
        ],
        [
          -0.5495488047599792,
          0.8297872543334961,
          -0.09720750898122787,
          -13.744630813598633
        ],
        [
          0.0,
          0.0,
          -0.0,
          1.0
        ]
      ],
      "camera_to_world": [
        [
          -0.8337357044219971,
          -0.05367445945739746,
          -0.5495488047599792,
          -7.553345680236816
        ],
        [
          -0.5521637797355652,
          0.08104536682367325,
          0.8297871947288513,
          11.405119895935059
        ],
        [
          2.1370212266447197e-09,
          0.9952641129493713,
          -0.09720750898122787,
          -1.336080551147461
        ],
        [
          0.0,
          0.0,
          0.0,
          1.0
        ]
      ]
    },
    {
      "image_id": 6,
      "file_name": "0005.png",
      "camera_id": 1,
      "camera_center_world": [
        7.1514058113098145,
        10.820241928100586,
        -4.549139022827148
      ],
      "quaternion_wxyz_world_to_camera": [
        0.23484300076961517,
        0.16649971902370453,
        0.5538862943649292,
        -0.7812404036521912
      ],
      "translation_world_to_camera": [
        2.0397203570610145e-06,
        -6.64146170947788e-07,
        13.744630813598633
      ],
      "world_to_camera": [
        [
          -0.834253191947937,
          0.551381528377533,
          2.9802322387695312e-08,
          2.0397203570610145e-06
        ],
        [
          -0.1824938803911209,
          -0.2761175036430359,
          -0.9436392784118652,
          -6.64146170947788e-07
        ],
        [
          -0.5203052759170532,
          -0.7872340679168701,
          0.33097562193870544,
          13.744630813598633
        ],
        [
          0.0,
          0.0,
          0.0,
          1.0
        ]
      ],
      "blender_world_to_camera": [
        [
          -0.834253191947937,
          0.551381528377533,
          2.9802322387695312e-08,
          2.0397203570610145e-06
        ],
        [
          0.1824938803911209,
          0.2761175036430359,
          0.9436392784118652,
          6.64146170947788e-07
        ],
        [
          0.5203052759170532,
          0.7872340679168701,
          -0.33097562193870544,
          -13.744630813598633
        ],
        [
          -0.0,
          -0.0,
          -0.0,
          1.0
        ]
      ],
      "camera_to_world": [
        [
          -0.834253191947937,
          0.18249386548995972,
          0.5203052759170532,
          7.1514058113098145
        ],
        [
          0.551381528377533,
          0.2761174738407135,
          0.7872341275215149,
          10.820241928100586
        ],
        [
          1.969159058035075e-08,
          0.9436392784118652,
          -0.33097565174102783,
          -4.549139022827148
        ],
        [
          0.0,
          0.0,
          0.0,
          1.0
        ]
      ]
    },
    {
      "image_id": 7,
      "file_name": "0006.png",
      "camera_id": 1,
      "camera_center_world": [
        -2.381467819213867,
        10.235363960266113,
        8.858941078186035
      ],
      "quaternion_wxyz_world_to_camera": [
        0.048082586377859116,
        0.10342210531234741,
        -0.9008734226226807,
        0.4188304841518402
      ],
      "translation_world_to_camera": [
        -1.55605164309236e-07,
        9.55878363129159e-07,
        13.74463176727295
      ],
      "world_to_camera": [
        [
          -0.973983883857727,
          -0.22661735117435455,
          0.0,
          -1.55605164309236e-07
        ],
        [
          -0.14606355130672455,
          0.6277698278427124,
          -0.7645720839500427,
          9.55878363129159e-07
        ],
        [
          0.17326529324054718,
          -0.7446808815002441,
          -0.6445382237434387,
          13.74463176727295
        ],
        [
          0.0,
          0.0,
          0.0,
          1.0
        ]
      ],
      "blender_world_to_camera": [
        [
          -0.973983883857727,
          -0.22661735117435455,
          0.0,
          -1.55605164309236e-07
        ],
        [
          0.14606355130672455,
          -0.6277698278427124,
          0.7645720839500427,
          -9.55878363129159e-07
        ],
        [
          -0.17326529324054718,
          0.7446808815002441,
          0.6445382237434387,
          -13.74463176727295
        ],
        [
          -0.0,
          0.0,
          -0.0,
          1.0
        ]
      ],
      "camera_to_world": [
        [
          -0.973983883857727,
          0.14606355130672455,
          -0.17326530814170837,
          -2.381467819213867
        ],
        [
          -0.22661735117435455,
          -0.6277698278427124,
          0.7446808815002441,
          10.235363960266113
        ],
        [
          6.660720308637735e-10,
          0.7645720839500427,
          0.6445382237434387,
          8.858941078186035
        ],
        [
          0.0,
          0.0,
          0.0,
          1.0
        ]
      ]
    },
    {
      "image_id": 8,
      "file_name": "0007.png",
      "camera_id": 1,
      "camera_center_world": [
        -4.5108418464660645,
        9.65048599243164,
        -8.685351371765137
      ],
      "quaternion_wxyz_world_to_camera": [
        0.19591346383094788,
        0.09304516762495041,
        -0.41879379749298096,
        0.8818005919456482
      ],
      "translation_world_to_camera": [
        -1.1663793202387751e-06,
        1.3687415503227385e-06,
        13.74463176727295
      ],
      "world_to_camera": [
        [
          -0.9059210419654846,
          -0.4234467148780823,
          -1.0430813546236095e-07,
          -1.1663793202387751e-06
        ],
        [
          0.26757973432540894,
          -0.5724593997001648,
          -0.7750428318977356,
          1.3687415503227385e-06
        ],
        [
          0.32818925380706787,
          -0.7021276354789734,
          0.6319087147712708,
          13.74463176727295
        ],
        [
          0.0,
          0.0,
          0.0,
          1.0
        ]
      ],
      "blender_world_to_camera": [
        [
          -0.9059210419654846,
          -0.4234467148780823,
          -1.0430813546236095e-07,
          -1.1663793202387751e-06
        ],
        [
          -0.26757973432540894,
          0.5724593997001648,
          0.7750428318977356,
          -1.3687415503227385e-06
        ],
        [
          -0.32818925380706787,
          0.7021276354789734,
          -0.6319087147712708,
          -13.74463176727295
        ],
        [
          -0.0,
          0.0,
          -0.0,
          1.0
        ]
      ],
      "camera_to_world": [
        [
          -0.9059209823608398,
          -0.26757970452308655,
          -0.32818925380706787,
          -4.5108418464660645
        ],
        [
          -0.4234466552734375,
          0.57245934009552,
          0.7021276354789734,
          9.65048599243164
        ],
        [
          -8.74227694680485e-08,
          0.7750428318977356,
          -0.6319087147712708,
          -8.685351371765137
        ],
        [
          0.0,
          0.0,
          0.0,
          1.0
        ]
      ]
    },
    {
      "image_id": 9,
      "file_name": "0008.png",
      "camera_id": 1,
      "camera_center_world": [
        9.704133033752441,
        9.065608024597168,
        3.543933629989624
      ],
      "quaternion_wxyz_world_to_camera": [
        0.24265141785144806,
        0.3158983588218689,
        0.7274124622344971,
        -0.5587482452392578
      ],
      "translation_world_to_camera": [
        1.9208760022593196e-06,
        -1.022403239403502e-06,
        13.744633674621582
      ],
      "world_to_camera": [
        [
          -0.6826570630073547,
          0.7307389378547668,
          2.2351743567128324e-08,
          1.9208760022593196e-06
        ],
        [
          0.18841470777988434,
          0.17601723968982697,
          -0.9661872982978821,
          -1.022403239403502e-06
        ],
        [
          -0.7060306668281555,
          -0.659574568271637,
          -0.2578413486480713,
          13.744633674621582
        ],
        [
          0.0,
          0.0,
          0.0,
          1.0
        ]
      ],
      "blender_world_to_camera": [
        [
          -0.6826570630073547,
          0.7307389378547668,
          2.2351743567128324e-08,
          1.9208760022593196e-06
        ],
        [
          -0.18841470777988434,
          -0.17601723968982697,
          0.9661872982978821,
          1.022403239403502e-06
        ],
        [
          0.7060306668281555,
          0.659574568271637,
          0.2578413486480713,
          -13.744633674621582
        ],
        [
          -0.0,
          0.0,
          -0.0,
          1.0
        ]
      ],
      "camera_to_world": [
        [
          -0.68265700340271,
          -0.18841467797756195,
          0.7060306668281555,
          9.704133033752441
        ],
        [
          0.7307389378547668,
          -0.17601719498634338,
          0.6595745086669922,
          9.065608024597168
        ],
        [
          3.3369836671681696e-08,
          0.9661872386932373,
          0.2578413486480713,
          3.543933629989624
        ],
        [
          0.0,
          0.0,
          0.0,
          1.0
        ]
      ]
    },
    {
      "image_id": 10,
      "file_name": "0009.png",
      "camera_id": 1,
      "camera_center_world": [
        -9.997989654541016,
        8.480730056762695,
        4.1270246505737305
      ],
      "quaternion_wxyz_world_to_camera": [
        0.24854440987110138,
        0.3388073742389679,
        -0.7316704988479614,
        0.5367434024810791
      ],
      "translation_world_to_camera": [
        -1.0139710866496898e-06,
        2.1704893242713297e-06,
        13.744632720947266
      ],
      "world_to_camera": [
        [
          -0.6468705534934998,
          -0.7626000046730042,
          4.4703490686970326e-08,
          -1.0139710866496898e-06
        ],
        [
          -0.22898156940937042,
          0.19423212110996246,
          -0.9538561105728149,
          2.1704893242713297e-06
        ],
        [
          0.7274104952812195,
          -0.6170213222503662,
          -0.3002643287181854,
          13.744632720947266
        ],
        [
          0.0,
          0.0,
          0.0,
          1.0
        ]
      ],
      "blender_world_to_camera": [
        [
          -0.6468705534934998,
          -0.7626000046730042,
          4.4703490686970326e-08,
          -1.0139710866496898e-06
        ],
        [
          0.22898156940937042,
          -0.19423212110996246,
          0.9538561105728149,
          -2.1704893242713297e-06
        ],
        [
          -0.7274104952812195,
          0.6170213222503662,
          0.3002643287181854,
          -13.744632720947266
        ],
        [
          -0.0,
          0.0,
          -0.0,
          1.0
        ]
      ],
      "camera_to_world": [
        [
          -0.6468704342842102,
          0.22898155450820923,
          -0.7274104952812195,
          -9.997989654541016
        ],
        [
          -0.7625998258590698,
          -0.19423209130764008,
          0.6170213222503662,
          8.480730056762695
        ],
        [
          3.350739419261117e-08,
          0.9538560509681702,
          0.3002643287181854,
          4.1270246505737305
        ],
        [
          0.0,
          0.0,
          0.0,
          1.0
        ]
      ]
    },
    {
      "image_id": 11,
      "file_name": "0010.png",
      "camera_id": 1,
      "camera_center_world": [
        4.768416881561279,
        7.895852565765381,
        -10.18982982635498
      ],
      "quaternion_wxyz_world_to_camera": [
        0.25036847591400146,
        0.09648852795362473,
        0.3464187979698181,
        -0.8988879919052124
      ],
      "translation_world_to_camera": [
        -1.4594259027944645e-06,
        4.4659938680524647e-07,
        13.744633674621582
      ],
      "world_to_camera": [
        [
          -0.8560112714767456,
          0.5169573426246643,
          -8.940698137394065e-08,
          -1.4594259027944645e-06
        ],
        [
          -0.3832555115222931,
          -0.6346193552017212,
          -0.6710987687110901,
          4.4659938680524647e-07
        ],
        [
          -0.3469294309616089,
          -0.5744680166244507,
          0.7413679957389832,
          13.744633674621582
        ],
        [
          0.0,
          0.0,
          0.0,
          1.0
        ]
      ],
      "blender_world_to_camera": [
        [
          -0.8560112714767456,
          0.5169573426246643,
          -8.940698137394065e-08,
          -1.4594259027944645e-06
        ],
        [
          0.3832555115222931,
          0.6346193552017212,
          0.6710987687110901,
          -4.4659938680524647e-07
        ],
        [
          0.3469294309616089,
          0.5744680166244507,
          -0.7413679957389832,
          -13.744633674621582
        ],
        [
          -0.0,
          0.0,
          0.0,
          1.0
        ]
      ],
      "camera_to_world": [
        [
          -0.856011152267456,
          0.3832555115222931,
          0.3469294607639313,
          4.768416881561279
        ],
        [
          0.5169572234153748,
          0.6346192955970764,
          0.5744680166244507,
          7.895852565765381
        ],
        [
          -8.74227694680485e-08,
          0.6710987687110901,
          -0.7413679361343384,
          -10.18982982635498
        ],
        [
          0.0,
          0.0,
          0.0,
          1.0
        ]
      ]
    },
    {
      "image_id": 12,
      "file_name": "0011.png",
      "camera_id": 1,
      "camera_center_world": [
        3.483342409133911,
        7.310974597930908,
        11.105443954467773
      ],
      "quaternion_wxyz_world_to_camera": [
        0.06831920146942139,
        0.20963869988918304,
        0.9273853898048401,
        -0.30222582817077637
      ],
      "translation_world_to_camera": [
        2.2776703190174885e-07,
        9.634972002459108e-07,
        13.74463176727295
      ],
      "world_to_camera": [
        [
          -0.9027681946754456,
          0.4301273822784424,
          0.0,
          2.2776703190174885e-07
        ],
        [
          0.3475360572338104,
          0.7294223308563232,
          -0.5892043709754944,
          9.634972002459108e-07
        ],
        [
          -0.25343289971351624,
          -0.5319148898124695,
          -0.8079841136932373,
          13.74463176727295
        ],
        [
          0.0,
          0.0,
          0.0,
          1.0
        ]
      ],
      "blender_world_to_camera": [
        [
          -0.9027681946754456,
          0.4301273822784424,
          0.0,
          2.2776703190174885e-07
        ],
        [
          -0.3475360572338104,
          -0.7294223308563232,
          0.5892043709754944,
          -9.634972002459108e-07
        ],
        [
          0.25343289971351624,
          0.5319148898124695,
          0.8079841136932373,
          -13.74463176727295
        ],
        [
          -0.0,
          -0.0,
          -0.0,
          1.0
        ]
      ],
      "camera_to_world": [
        [
          -0.9027681946754456,
          -0.3475360870361328,
          0.2534329295158386,
          3.483342409133911
        ],
        [
          0.4301273822784424,
          -0.7294223308563232,
          0.5319149494171143,
          7.310974597930908
        ],
        [
          -8.095568659882701e-10,
          0.5892043113708496,
          0.8079840540885925,
          11.105443954467773
        ],
        [
          0.0,
          0.0,
          0.0,
          1.0
        ]
      ]
    },
    {
      "image_id": 13,
      "file_name": "0012.png",
      "camera_id": 1,
      "camera_center_world": [
        -10.370795249938965,
        6.7260966300964355,
        -6.010087490081787
      ],
      "quaternion_wxyz_world_to_camera": [
        0.40472009778022766,
        0.2532425820827484,
        -0.466083824634552,
        0.7448729276657104
      ],
      "translation_world_to_camera": [
        -1.5394049341921345e-06,
        1.3299245438247453e-06,
        13.744633674621582
      ],
      "world_to_camera": [
        [
          -0.5441396832466125,
          -0.8389947414398193,
          2.980232594040899e-08,
          -1.5394049341921345e-06
        ],
        [
          0.3668655455112457,
          -0.2379349023103714,
          -0.8993312120437622,
          1.3299245438247453e-06
        ],
        [
          0.7545341849327087,
          -0.4893617630004883,
          0.43726807832717896,
          13.744633674621582
        ],
        [
          0.0,
          0.0,
          0.0,
          1.0
        ]
      ],
      "blender_world_to_camera": [
        [
          -0.5441396832466125,
          -0.8389947414398193,
          2.980232594040899e-08,
          -1.5394049341921345e-06
        ],
        [
          -0.3668655455112457,
          0.2379349023103714,
          0.8993312120437622,
          -1.3299245438247453e-06
        ],
        [
          -0.7545341849327087,
          0.4893617630004883,
          -0.43726807832717896,
          -13.744633674621582
        ],
        [
          0.0,
          0.0,
          -0.0,
          1.0
        ]
      ],
      "camera_to_world": [
        [
          -0.544139564037323,
          -0.3668655455112457,
          -0.7545340657234192,
          -10.370795249938965
        ],
        [
          -0.8389946222305298,
          0.2379349172115326,
          0.4893617331981659,
          6.7260966300964355
        ],
        [
          3.190964648069894e-08,
          0.8993312120437622,
          -0.43726804852485657,
          -6.010087490081787
        ],
        [
          0.0,
          0.0,
          0.0,
          1.0
        ]
      ]
    },
    {
      "image_id": 14,
      "file_name": "0013.png",
      "camera_id": 1,
      "camera_center_world": [
        12.009552001953125,
        6.141218662261963,
        -2.6402664184570312
      ],
      "quaternion_wxyz_world_to_camera": [
        0.40291091799736023,
        0.331691175699234,
        0.5421566963195801,
        -0.6585666537284851
      ],
      "translation_world_to_camera": [
        1.4460367765423143e-06,
        6.910984780006402e-07,
        13.74463176727295
      ],
      "world_to_camera": [
        [
          -0.4552876651287079,
          0.8903443813323975,
          5.21540641784668e-08,
          1.4460367765423143e-06
        ],
        [
          -0.1710302233695984,
          -0.08745817840099335,
          -0.9813764095306396,
          6.910984780006402e-07
        ],
        [
          -0.8737629652023315,
          -0.4468085765838623,
          0.19209441542625427,
          13.74463176727295
        ],
        [
          0.0,
          0.0,
          0.0,
          1.0
        ]
      ],
      "blender_world_to_camera": [
        [
          -0.4552876651287079,
          0.8903443813323975,
          5.21540641784668e-08,
          1.4460367765423143e-06
        ],
        [
          0.1710302233695984,
          0.08745817840099335,
          0.9813764095306396,
          -6.910984780006402e-07
        ],
        [
          0.8737629652023315,
          0.4468085765838623,
          -0.19209441542625427,
          -13.74463176727295
        ],
        [
          -0.0,
          -0.0,
          -0.0,
          1.0
        ]
      ],
      "camera_to_world": [
        [
          -0.4552876651287079,
          0.1710302084684372,
          0.8737630248069763,
          12.009552001953125
        ],
        [
          0.8903443813323975,
          0.08745817095041275,
          0.4468086063861847,
          6.141218662261963
        ],
        [
          5.026900495863629e-08,
          0.9813764095306396,
          -0.19209443032741547,
          -2.6402664184570312
        ],
        [
          0.0,
          0.0,
          0.0,
          1.0
        ]
      ]
    },
    {
      "image_id": 15,
      "file_name": "0014.png",
      "camera_id": 1,
      "camera_center_world": [
        -7.230225563049316,
        5.55634069442749,
        10.284252166748047
      ],
      "quaternion_wxyz_world_to_camera": [
        0.15680666267871857,
        0.41320857405662537,
        -0.8386760354042053,
        0.3182653486728668
      ],
      "translation_world_to_camera": [
        -5.992483806949167e-07,
        2.905562723753974e-07,
        13.744633674621582
      ],
      "world_to_camera": [
        [
          -0.6093407273292542,
          -0.7929086089134216,
          1.4901162970204496e-08,
          -5.992483806949167e-07
        ],
        [
          -0.593284010887146,
          0.4559316337108612,
          -0.6634307503700256,
          2.905562723753974e-07
        ],
        [
          0.5260399580001831,
          -0.40425539016723633,
          -0.748237669467926,
          13.744633674621582
        ],
        [
          0.0,
          0.0,
          0.0,
          1.0
        ]
      ],
      "blender_world_to_camera": [
        [
          -0.6093407273292542,
          -0.7929086089134216,
          1.4901162970204496e-08,
          -5.992483806949167e-07
        ],
        [
          0.593284010887146,
          -0.4559316337108612,
          0.6634307503700256,
          -2.905562723753974e-07
        ],
        [
          -0.5260399580001831,
          0.40425539016723633,
          0.748237669467926,
          -13.744633674621582
        ],
        [
          -0.0,
          0.0,
          -0.0,
          1.0
        ]
      ],
      "camera_to_world": [
        [
          -0.6093406081199646,
          0.593284010887146,
          -0.5260398983955383,
          -7.230225563049316
        ],
        [
          -0.7929084897041321,
          -0.4559316039085388,
          0.40425533056259155,
          5.55634069442749
        ],
        [
          1.8343071062076888e-08,
          0.6634308099746704,
          0.7482376098632812,
          10.284252166748047
        ],
        [
          0.0,
          0.0,
          0.0,
          1.0
        ]
      ]
    },
    {
      "image_id": 16,
      "file_name": "0015.png",
      "camera_id": 1,
      "camera_center_world": [
        -1.646740436553955,
        4.971462726593018,
        -12.707781791687012
      ],
      "quaternion_wxyz_world_to_camera": [
        0.15621891617774963,
        0.030928459018468857,
        -0.19173367321491241,
        0.9684406518936157
      ],
      "translation_world_to_camera": [
        -1.3552870541388984e-06,
        4.1232263470192265e-07,
        13.744629859924316
      ],
      "world_to_camera": [
        [
          -0.9492781162261963,
          -0.31443753838539124,
          -9.685753354915505e-08,
          -1.3552870541388984e-06
        ],
        [
          0.29071739315986633,
          -0.8776676058769226,
          -0.38102853298187256,
          4.1232263470192265e-07
        ],
        [
          0.119809590280056,
          -0.3617020845413208,
          0.9245631694793701,
          13.744629859924316
        ],
        [
          0.0,
          0.0,
          0.0,
          1.0
        ]
      ],
      "blender_world_to_camera": [
        [
          -0.9492781162261963,
          -0.31443753838539124,
          -9.685753354915505e-08,
          -1.3552870541388984e-06
        ],
        [
          -0.29071739315986633,
          0.8776676058769226,
          0.38102853298187256,
          -4.1232263470192265e-07
        ],
        [
          -0.119809590280056,
          0.3617020845413208,
          -0.9245631694793701,
          -13.744629859924316
        ],
        [
          -0.0,
          0.0,
          -0.0,
          1.0
        ]
      ],
      "camera_to_world": [
        [
          -0.9492781758308411,
          -0.2907174527645111,
          -0.11980961263179779,
          -1.646740436553955
        ],
        [
          -0.31443753838539124,
          0.8776677250862122,
          0.3617021441459656,
          4.971462726593018
        ],
        [
          -8.742277657347586e-08,
          0.38102856278419495,
          -0.9245632886886597,
          -12.707781791687012
        ],
        [
          0.0,
          0.0,
          0.0,
          1.0
        ]
      ]
    },
    {
      "image_id": 17,
      "file_name": "0016.png",
      "camera_id": 1,
      "camera_center_world": [
        9.960204124450684,
        4.386584758758545,
        8.39447021484375
      ],
      "quaternion_wxyz_world_to_camera": [
        0.24102076888084412,
        0.49028775095939636,
        0.7516586184501648,
        -0.36950811743736267
      ],
      "translation_world_to_camera": [
        -6.599776725124684e-07,
        -7.246766813295835e-07,
        13.744633674621582
      ],
      "world_to_camera": [
        [
          -0.40305382013320923,
          0.9151763319969177,
          1.4901162970204496e-08,
          -6.599776725124684e-07
        ],
        [
          0.5589397549629211,
          0.2461632639169693,
          -0.7918270826339722,
          -7.246766813295835e-07
        ],
        [
          -0.7246614098548889,
          -0.3191489279270172,
          -0.6107454895973206,
          13.744633674621582
        ],
        [
          0.0,
          0.0,
          0.0,
          1.0
        ]
      ],
      "blender_world_to_camera": [
        [
          -0.40305382013320923,
          0.9151763319969177,
          1.4901162970204496e-08,
          -6.599776725124684e-07
        ],
        [
          -0.5589397549629211,
          -0.2461632639169693,
          0.7918270826339722,
          7.246766813295835e-07
        ],
        [
          0.7246614098548889,
          0.3191489279270172,
          0.6107454895973206,
          -13.744633674621582
        ],
        [
          -0.0,
          0.0,
          -0.0,
          1.0
        ]
      ],
      "camera_to_world": [
        [
          -0.40305379033088684,
          -0.5589396953582764,
          0.7246613502502441,
          9.960204124450684
        ],
        [
          0.915176272392273,
          -0.2461632490158081,
          0.31914886832237244,
          4.386584758758545
        ],
        [
          2.5837140427142913e-08,
          0.7918270826339722,
          0.610745370388031,
          8.39447021484375
        ],
        [
          0.0,
          0.0,
          0.0,
          1.0
        ]
      ]
    },
    {
      "image_id": 18,
      "file_name": "0017.png",
      "camera_id": 1,
      "camera_center_world": [
        -13.197124481201172,
        3.8017067909240723,
        0.5457425713539124
      ],
      "quaternion_wxyz_world_to_camera": [
        0.4166747033596039,
        0.4335610568523407,
        -0.5760883092880249,
        0.5536508560180664
      ],
      "translation_world_to_camera": [
        4.774251465278212e-07,
        -1.310503705553856e-07,
        13.74463176727295
      ],
      "world_to_camera": [
        [
          -0.2768140137195587,
          -0.9609236121177673,
          8.288771624620495e-08,
          4.774251465278212e-07
        ],
        [
          -0.03815433755517006,
          0.010991064831614494,
          -0.9992113709449768,
          -1.310503705553856e-07
        ],
        [
          0.9601657390594482,
          -0.27659574151039124,
          -0.03970587998628616,
          13.74463176727295
        ],
        [
          0.0,
          0.0,
          0.0,
          1.0
        ]
      ],
      "blender_world_to_camera": [
        [
          -0.2768140137195587,
          -0.9609236121177673,
          8.288771624620495e-08,
          4.774251465278212e-07
        ],
        [
          0.03815433755517006,
          -0.010991064831614494,
          0.9992113709449768,
          1.310503705553856e-07
        ],
        [
          -0.9601657390594482,
          0.27659574151039124,
          0.03970587998628616,
          -13.74463176727295
        ],
        [
          -0.0,
          0.0,
          -0.0,
          1.0
        ]
      ],
      "camera_to_world": [
        [
          -0.27681398391723633,
          0.03815433382987976,
          -0.9601657390594482,
          -13.197124481201172
        ],
        [
          -0.960923433303833,
          -0.01099106390029192,
          0.27659571170806885,
          3.8017067909240723
        ],
        [
          8.27619004439839e-08,
          0.9992114305496216,
          0.03970587998628616,
          0.5457425713539124
        ],
        [
          0.0,
          0.0,
          0.0,
          1.0
        ]
      ]
    },
    {
      "image_id": 19,
      "file_name": "0018.png",
      "camera_id": 1,
      "camera_center_world": [
        9.472012519836426,
        3.2168288230895996,
        -9.425917625427246
      ],
      "quaternion_wxyz_world_to_camera": [
        0.5347151756286621,
        0.2308509200811386,
        0.32220080494880676,
        -0.7463070154190063
      ],
      "translation_world_to_camera": [
        -1.3688612625628593e-06,
        -6.730106747454556e-07,
        13.744632720947266
      ],
      "world_to_camera": [
        [
          -0.32157501578330994,
          0.9468841552734375,
          4.470348358154297e-08,
          -1.3688612625628593e-06
        ],
        [
          -0.6493626236915588,
          -0.22053256630897522,
          -0.7278004288673401,
          -6.730106747454556e-07
        ],
        [
          -0.6891427040100098,
          -0.2340424656867981,
          0.6857889890670776,
          13.744632720947266
        ],
        [
