[{"id": 0, "img_name": "0000.png", "width": 512, "height": 512, "position": [-1.6334657718474227e-13, 14.577632449349526, -6.01609508578605e-07], "rotation": [[-1.0000000684570807, 2.9923544145766533e-15, 8.742278582883015e-08], [-8.742278582883016e-08, -3.4228542234509265e-08, -1.0000000342285382], [-2.9923544145766533e-15, -1.0000000342285422, -3.4228542234509265e-08]], "fy": 711.111111111111, "fx": 711.111111111111}, {"id": 1, "img_name": "0001.png", "width": 512, "height": 512, "position": [-3.1022928690914684, 13.957305636242511, 2.841954785911903], "rotation": [[-0.9761770836508514, -0.04229996289985528, 0.21281185056060797], [-0.21697504603147236, 0.19030885879332154, -0.9574467682805562], [-1.0600639452175932e-08, -0.980812519205333, -0.19495313053534052]], "fy": 711.111111111111, "fx": 711.111111111111}, {"id": 2, "img_name": "0002.png", "width": 512, "height": 512, "position": [0.5144933172295933, 13.336983627113096, -5.862383784748132], "rotation": [[-0.9992567445222142, -0.015501876306724645, -0.03529337043367852], [0.03854776472884647, -0.40185035009262204, -0.914893625553446], [-8.569791676137902e-08, -0.9155741193780496, 0.40214925518275857]], "fy": 711.111111111111, "fx": 711.111111111111}, {"id": 3, "img_name": "0003.png", "width": 512, "height": 512, "position": [4.336336708587489, 12.716657263554465, 5.65598091618359], "rotation": [[-0.9464848319641427, 0.12522323387520745, -0.2974651073834715], [0.3227481191468428, 0.36722719198422094, -0.8723404174110726], [-2.0755690172380662e-08, -0.9216633300503954, -0.38799049528262697]], "fy": 711.111111111111, "fx": 711.111111111111}, {"id": 4, "img_name": "0004.png", "width": 512, "height": 512, "position": [-8.011120155723026, 12.09633267012841, -1.4170540410795762], "rotation": [[-0.8337356715706887, 0.053674400312189216, 0.5495487967491833], [-0.5521637630788025, -0.08104538649425223, -0.8297872130526727], [6.488529205270818e-08, -0.9952641352697243, 0.09720749336300351]], "fy": 711.111111111111, "fx": 711.111111111111}, {"id": 5, "img_name": "0005.png", "width": 512, "height": 512, "position": [7.584819086318085, 11.476008450650546, -4.824842982673599], "rotation": [[-0.8342531388934404, -0.18249378414181283, -0.5203051521326729], [0.5513813857813844, -0.2761174700541781, -0.7872340972858263], [-5.080619514261244e-08, -0.9436392188041098, 0.33097571981725066]], "fy": 711.111111111111, "fx": 711.111111111111}, {"id": 6, "img_name": "0006.png", "width": 512, "height": 512, "position": [-2.5257978927233093, 10.855683787521855, 9.395841684262367], "rotation": [[-0.9739838287030191, -0.14606354634478338, 0.1732652855055282], [-0.22661733987523294, 0.6277699058161014, -0.7446808115067076], [-8.110264799441244e-09, -0.7645720176592922, -0.6445382540396215]], "fy": 711.111111111111, "fx": 711.111111111111}, {"id": 7, "img_name": "0007.png", "width": 512, "height": 512, "position": [-4.784223311306415, 10.235358464444888, -9.211729975702434], "rotation": [[-0.9059210408417803, 0.2675795266657315, 0.32818934561252494], [-0.42344663142387123, -0.5724593938399033, -0.7021276079249358], [1.0242457367994447e-07, -0.7750428532564888, 0.631908673877135]], "fy": 711.111111111111, "fx": 711.111111111111}, {"id": 8, "img_name": "0008.png", "width": 512, "height": 512, "position": [10.292255950139076, 9.615032712650555, 3.7587154612574505], "rotation": [[-0.6826570004891284, 0.18841474031364236, -0.706030682422971], [0.7307389676827857, 0.17601720471549764, -0.6595744947763694], [-5.957783234437381e-09, -0.9661872689505637, -0.2578413769658633]], "fy": 711.111111111111, "fx": 711.111111111111}, {"id": 9, "img_name": "0009.png", "width": 512, "height": 512, "position": [-10.603925244772348, 8.994710752371372, 4.377144580167314], "rotation": [[-0.6468704507250493, -0.2289815261972834, 0.7274105723841269], [-0.7625999476500356, 0.19423214030333708, -0.61702125162778], [-5.774944077830517e-08, -0.9538560508674838, -0.30026435308820426]], "fy": 711.111111111111, "fx": 711.111111111111}, {"id": 10, "img_name": "0010.png", "width": 512, "height": 512, "position": [5.057409607959104, 8.374384755084872, -10.807389641789078], "rotation": [[-0.856011262932899, -0.383255476412306, -0.34692941173961916], [0.5169572293043343, -0.6346193587608411, -0.5744680536745337], [-8.768608257701806e-08, -0.6710987717337868, 0.7413679564336029]], "fy": 711.111111111111, "fx": 711.111111111111}, {"id": 11, "img_name": "0011.png", "width": 512, "height": 512, "position": [3.6944518658585124, 7.754060172035309, 11.778493478730162], "rotation": [[-0.9027681583062827, 0.34753606428180034, -0.2534328960676304], [0.43012736344681546, 0.7294223071517391, -0.531914969066397], [-3.4020950964617056e-08, -0.5892043509056355, -0.8079839939442754]], "fy": 711.111111111111, "fx": 711.111111111111}, {"id": 12, "img_name": "0012.png", "width": 512, "height": 512, "position": [-10.999322849879395, 7.133734112011247, -6.37433088640072], "rotation": [[-0.5441396099243775, 0.3668656301623912, 0.7545341465550907], [-0.8389947371182125, -0.23793480499987227, -0.4893617547386472], [-9.402644720826542e-08, -0.8993312544988625, 0.43726802455009217]], "fy": 711.111111111111, "fx": 711.111111111111}, {"id": 13, "img_name": "0013.png", "width": 512, "height": 512, "position": [12.73739660300323, 6.513409403842369, -2.8002809568998543], "rotation": [[-0.4552873941786801, -0.1710301191845931, -0.8737631486359757], [0.8903445072456783, -0.08745808470915865, -0.44680835559178167], [2.069499424127846e-08, -0.9813764550573271, 0.19209431876207322]], "fy": 711.111111111111, "fx": 711.111111111111}, {"id": 14, "img_name": "0014.png", "width": 512, "height": 512, "position": [-7.668416327251106, 5.893084775188386, 10.907533334924532], "rotation": [[-0.6093407112981726, -0.5932840219124764, 0.5260399531984897], [-0.7929085464400738, 0.45593166327774726, -0.40425533705087724], [-4.926605782953614e-08, -0.663430787569574, -0.7482377036863318]], "fy": 711.111111111111, "fx": 711.111111111111}, {"id": 15, "img_name": "0015.png", "width": 512, "height": 512, "position": [-1.7465417226201907, 5.272760156443326, -13.477942916267112], "rotation": [[-0.949278141110651, 0.2907174300495501, 0.11980960582010255], [-0.31443753875988795, -0.8776676908387416, -0.36170210851263435], [-8.596607355221968e-08, -0.38102855135704267, 0.9245632705813948]], "fy": 711.111111111111, "fx": 711.111111111111}, {"id": 16, "img_name": "0016.png", "width": 512, "height": 512, "position": [10.563845094782833, 4.652435470746018, 8.903220902332237], "rotation": [[-0.40305378375359857, 0.558939711143878, -0.724661242347631], [0.9151762217488024, 0.24616336275715586, -0.3191488866356195], [2.805492492017859e-08, -0.7918269558442469, -0.6107453824027012]], "fy": 711.111111111111, "fx": 711.111111111111}, {"id": 17, "img_name": "0017.png", "width": 512, "height": 512, "position": [-13.99694127251822, 4.03211083014335, 0.5788161186521124], "rotation": [[-0.2768139874604449, -0.03815413253039069, 0.9601656280100651], [-0.960923394991022, 0.01099099093884122, -0.2765958008825931], [1.9336187461765187e-07, -0.9992113241340934, -0.03970554080937396]], "fy": 711.111111111111, "fx": 711.111111111111}, {"id": 18, "img_name": "0018.png", "width": 512, "height": 512, "position": [10.046067871106752, 3.4117872875923885, -9.99717998580399], "rotation": [[-0.3215751304676141, -0.6493627786228335, -0.6891425051913347], [0.9468840534733679, -0.22053273024237977, -0.23404247759503963], [-1.108010781347689e-08, -0.72780029800778, 0.6857891223525774]], "fy": 711.111111111111, "fx": 711.111111111111}, {"id": 19, "img_name": "0019.png", "width": 512, "height": 512, "position": [-0.6609009351621455, 2.7914608897174733, 14.292594680699517], "rotation": [[-0.9730985871243901, -0.2258841299601877, 0.045336644285038134], [-0.23038891354164387, 0.9540716819135858, -0.19148935279377943], [-1.598963387464434e-09, -0.19678308755685436, -0.9804470041105187]], "fy": 711.111111111111, "fx": 711.111111111111}, {"id": 20, "img_name": "0020.png", "width": 512, "height": 512, "position": [-9.235852027953642, 2.171136389967928, -11.067635788371685], "rotation": [[-0.22883907905800777, 0.7390740426427372, 0.6335632132058198], [-0.9734643217067391, -0.17373931855866376, -0.14893612177798504], [-8.981591195102217e-09, -0.6508335528366296, 0.7592204607389037]], "fy": 711.111111111111, "fx": 711.111111111111}, {"id": 21, "img_name": "0021.png", "width": 512, "height": 512, "position": [14.36545955511465, 1.5508125970552995, 1.9328533839863213], "rotation": [[-0.10733065681066668, 0.13182453675552053, -0.9854452654932168], [0.9942233550735985, 0.014231085317770379, -0.10638304201232225], [3.80201261259517e-08, -0.9911708848179464, -0.13259044311794546]], "fy": 711.111111111111, "fx": 711.111111111111}, {"id": 22, "img_name": "0022.png", "width": 512, "height": 512, "position": [-11.941771230222747, 0.9304860802386447, 8.308772480948187], "rotation": [[-0.07768323540465137, -0.5682447861807519, 0.8191845053919086], [-0.9969781295975156, 0.044276988110683875, -0.06382965447696538], [-1.831148687273539e-07, -0.8216674988490181, -0.569967220102806]], "fy": 711.111111111111, "fx": 711.111111111111}, {"id": 23, "img_name": "0023.png", "width": 512, "height": 512, "position": [3.1987942659487874, 0.31016282387012206, -14.218960535949869], "rotation": [[-0.09650971172515792, -0.9708426202461738, -0.21943169403888954], [0.9953319354040806, -0.0941351652024426, -0.02127664430330707], [1.293306164242922e-08, -0.22046079910402688, 0.9753958331152662]], "fy": 711.111111111111, "fx": 711.111111111111}, {"id": 24, "img_name": "0024.png", "width": 512, "height": 512, "position": [7.24607879029908, -0.31016118265798576, 12.645373707793599], "rotation": [[0.04276494580806176, 0.8666569017685903, -0.4970683328578313], [0.9990851379703268, -0.03709647553910225, 0.021276470885817897], [-9.498497778144007e-08, -0.49752348260500207, -0.8674504559609404]], "fy": 711.111111111111, "fx": 711.111111111111}, {"id": 25, "img_name": "0025.png", "width": 512, "height": 512, "position": [-13.859683872297445, -0.9304865614949377, -4.4216179719670246], "rotation": [[0.06698521519766683, 0.30263403656162224, 0.9507500124313762], [-0.9977539507432897, 0.020317627291413197, 0.06382954911046092], [2.7389858109165484e-08, -0.9528902336984603, 0.30331530887142627]], "fy": 711.111111111111, "fx": 711.111111111111}, {"id": 26, "img_name": "0026.png", "width": 512, "height": 512, "position": [13.158349630760197, -1.5508109957810146, -6.07949005042818], "rotation": [[0.11704744978853768, -0.4141757426729965, -0.9026396479116107], [0.9931263161354272, 0.048813741768663425, 0.10638290737121045], [-8.497358467743812e-09, -0.9088870430162088, 0.4170423639554768]], "fy": 711.111111111111, "fx": 711.111111111111}, {"id": 27, "img_name": "0027.png", "width": 512, "height": 512, "position": [-5.5650865845553135, -2.17113521925803, 13.297489650098493], "rotation": [[0.3634545337145859, -0.8498021035363656, 0.3817552424180743], [-0.931611872127289, -0.3315375058962003, 0.14893605157852008], [4.748396789744636e-08, -0.4097792241847798, -0.9121845328869671]], "fy": 711.111111111111, "fx": 711.111111111111}, {"id": 28, "img_name": "0028.png", "width": 512, "height": 512, "position": [-4.842531083997507, -2.791461089576689, -13.463470852957718], "rotation": [[0.4994129226884133, 0.8001481994395542, 0.3321891287304039], [-0.8663641026225771, 0.4612429874537759, 0.19148936218384838], [-4.628641963756014e-08, -0.3834289935258415, 0.9235703605257758]], "fy": 711.111111111111, "fx": 711.111111111111}, {"id": 29, "img_name": "0029.png", "width": 512, "height": 512, "position": [12.545576165008029, -3.4117861810736474, 6.593604866825359], "rotation": [[0.2624203038613841, 0.43645780084313385, -0.8606045531186823], [0.9649536821865737, -0.11869518134091434, 0.23404248020187685], [6.709487406972423e-08, -0.8918610202198819, -0.45230959434567825]], "fy": 711.111111111111, "fx": 711.111111111111}, {"id": 30, "img_name": "0030.png", "width": 512, "height": 512, "position": [-13.546191758090856, -4.0321102354720475, 3.5707323758051515], "rotation": [[0.285286430685161, -0.23476651179662456, 0.929244996589987], [-0.9584422667791055, -0.06987977924278732, 0.2765956025552316], [9.835690990112001e-08, -0.9695366888573154, -0.24494587269678866]], "fy": 711.111111111111, "fx": 711.111111111111}, {"id": 31, "img_name": "0031.png", "width": 512, "height": 512, "position": [7.471829968144191, -4.6524350348538706, -11.620411125074204], "rotation": [[0.5285718839518732, -0.6766828979507943, -0.5125543661241492], [0.8488885218990837, 0.4213457737929897, 0.31914881499431547], [4.877257335711285e-08, -0.6037946209972409, 0.7971399112214907]], "fy": 711.111111111111, "fx": 711.111111111111}, {"id": 32, "img_name": "0032.png", "width": 512, "height": 512, "position": [2.30192981390608, -5.272760263822658, 13.394271399690428], "rotation": [[0.9164699869389564, 0.36762440665479257, -0.15790835537130174], [0.4001034279587681, -0.8420740113703825, 0.3617020684438898], [-2.3368189504659628e-08, -0.39466876619851377, -0.9188233431012409]], "fy": 711.111111111111, "fx": 711.111111111111}, {"id": 33, "img_name": "0033.png", "width": 512, "height": 512, "position": [-10.541676460005121, -5.893085973680295, -8.164066875646196], "rotation": [[0.4879569481518868, 0.4888413345118014, 0.7231404279051212], [-0.8728676467816187, 0.2732757355595741, 0.404255264318079], [1.2649948444282503e-08, -0.8284650850818528, 0.5600406478370292]], "fy": 711.111111111111, "fx": 711.111111111111}, {"id": 34, "img_name": "0034.png", "width": 512, "height": 512, "position": [12.997054261517853, -6.513411280443394, -1.076781396523547], "rotation": [[0.44803247457256545, -0.06603678878516504, -0.8915750719778965], [0.8940173188733095, 0.033094148598750074, 0.44680859912364984], [1.6509892178932416e-07, -0.9972682854794904, 0.07386525139858999]], "fy": 711.111111111111, "fx": 711.111111111111}, {"id": 35, "img_name": "0035.png", "width": 512, "height": 512, "position": [-8.63305224520204, -7.133735771320959, 9.332074983503507], "rotation": [[0.6369919242691267, -0.4934834583441861, 0.5922123048883527], [-0.7708705064539122, -0.4077792903328211, 0.48936173109775905], [-4.6247503655745864e-08, -0.7682384512143142, -0.6401639671573998]], "fy": 711.111111111111, "fx": 711.111111111111}, {"id": 36, "img_name": "0036.png", "width": 512, "height": 512, "position": [0.06021896492216205, -7.754060798672506, -12.344159083421516], "rotation": [[0.9999698450584853, -0.006576056213974237, -0.004130914439840797], [0.00776588497459461, 0.8467622109420373, 0.5319148686125914], [-1.2524201471522568e-10, -0.5319309089583529, 0.8467877457771769]], "fy": 711.111111111111, "fx": 711.111111111111}, {"id": 37, "img_name": "0037.png", "width": 512, "height": 512, "position": [8.017059008946003, -8.37438533823199, 8.837638593238571], "rotation": [[0.7223498321337035, 0.4192362004443942, -0.5499561236885134], [0.6915278228282224, -0.43792205073575735, 0.5744681001762101], [-8.027047192143126e-08, -0.7952768927251397, -0.606246418696152]], "fy": 711.111111111111, "fx": 711.111111111111}, {"id": 38, "img_name": "0038.png", "width": 512, "height": 512, "position": [-11.422862258618283, -8.994708187702974, -1.0586682777765695], "rotation": [[0.6186548762269743, 0.05705699201074962, 0.7835882914557224], [-0.7856628480740376, 0.0449283725766464, 0.6170212696113124], [6.513402987249099e-08, -0.9973594425578222, 0.0726227334679015]], "fy": 711.111111111111, "fx": 711.111111111111}, {"id": 39, "img_name": "0039.png", "width": 512, "height": 512, "position": [8.727996114115696, -9.615033307580168, -6.624239120019536], "rotation": [[0.7404360095657053, -0.3054219411956133, -0.598725274092137], [0.6721268600497945, 0.33646247479177016, 0.6595744747383205], [7.130592293383343e-08, -0.890792030477951, 0.45441122233902265]], "fy": 711.111111111111, "fx": 711.111111111111}, {"id": 40, "img_name": "0040.png", "width": 512, "height": 512, "position": [-1.857852915378988, -10.235359060325347, 10.21240278942785], "rotation": [[0.9839226769538791, -0.12511523142277203, 0.12744545926357997], [-0.17859497815134268, -0.6892898911233136, 0.7021277138300482], [-6.427865958092621e-09, -0.7136004986090713, -0.7005529069602707]], "fy": 711.111111111111, "fx": 711.111111111111}, {"id": 41, "img_name": "0041.png", "width": 512, "height": 512, "position": [-5.181940598370731, -10.8556833282828, -8.234621405414284], "rotation": [[0.9024545568546378, 0.2433421085678081, 0.3554720756964758], [-0.4307850721673014, 0.5097790708270213, 0.7446808367595462], [-2.9611642689752745e-08, -0.8251726760120321, 0.5648805888839413]], "fy": 711.111111111111, "fx": 711.111111111111}, {"id": 42, "img_name": "0042.png", "width": 512, "height": 512, "position": [8.669671652179234, -11.476006892170048, 2.3759974551088727], "rotation": [[0.7979038121108808, 0.09824735777020359, -0.5947242607141712], [0.6027847788314198, -0.13004957560421584, 0.7872340967459333], [7.189559669240279e-09, -0.9866278271777066, -0.16298905683594525]], "fy": 711.111111111111, "fx": 711.111111111111}, {"id": 43, "img_name": "0043.png", "width": 512, "height": 512, "position": [-7.238027512453986, -12.096332249189196, 3.7144357846494493], "rotation": [[0.8581110775265447, -0.13083254424297847, 0.4965160735168338], [-0.5134640843269025, -0.2186498499910629, 0.8297871822631752], [1.9034628473727996e-08, -0.9669927502876293, -0.2548036661625969]], "fy": 711.111111111111, "fx": 711.111111111111}, {"id": 44, "img_name": "0044.png", "width": 512, "height": 512, "position": [2.47746151752139, -12.716659267312675, -6.682525049599392], "rotation": [[0.9815462325433894, -0.08765936047197925, -0.16994949147373908], [0.1912249804040748, 0.44995024090056734, 0.8723404038280804], [1.1567956704380326e-08, -0.8887410251603786, 0.45840962345824987]], "fy": 711.111111111111, "fx": 711.111111111111}, {"id": 45, "img_name": "0045.png", "width": 512, "height": 512, "position": [2.2188650131867957, -13.33698295737348, 5.450585544686194], "rotation": [[0.9864414429878402, 0.06136220622507048, -0.15221024760175453], [0.16411361865425733, -0.36883108925862085, 0.9148936414694929], [2.24078031729461e-08, -0.9274687782757411, -0.3739006457043202]], "fy": 711.111111111111, "fx": 711.111111111111}, {"id": 46, "img_name": "0046.png", "width": 512, "height": 512, "position": [-3.801903356378771, -13.957307305980036, -1.8017927002262724], "rotation": [[0.9648451095216422, 0.03248439938428969, 0.26080390800818637], [-0.2628191671771684, 0.1192546229160555, 0.9574468237797295], [1.3295235633569509e-08, -0.9923321514484122, 0.12359976249884999]], "fy": 711.111111111111, "fx": 711.111111111111}, {"id": 47, "img_name": "0047.png", "width": 512, "height": 512, "position": [0.0, -14.577632449349464, -1.5995517178774499e-06], "rotation": [[1.0, 0.0, 0.0], [0.0, 3.422854412188872e-08, 1.0000000342285418], [-0.0, -1.0000000342285418, 3.422854412188871e-08]], "fy": 711.111111111111, "fx": 711.111111111111}]