[{"id": 0, "img_name": "0000.png", "width": 512, "height": 512, "position": [-5.461635958886596e-14, 14.041464332547566, -5.794821967956311e-07], "rotation": [[-1.0000000684570807, 2.9923544145766533e-15, 8.742278582883015e-08], [-8.742278582883016e-08, -3.4228542234509265e-08, -1.0000000342285382], [-2.9923544145766533e-15, -1.0000000342285422, -3.4228542234509265e-08]], "fy": 711.111111111111, "fx": 711.111111111111}, {"id": 1, "img_name": "0001.png", "width": 512, "height": 512, "position": [-2.988189740895628, 13.443952310034316, 2.737426950704158], "rotation": [[-0.9761770836508514, -0.04229996289985528, 0.21281185056060797], [-0.21697504603147236, 0.19030885879332154, -0.9574467682805562], [-1.0600639452175932e-08, -0.980812519205333, -0.19495313053534052]], "fy": 711.111111111111, "fx": 711.111111111111}, {"id": 2, "img_name": "0002.png", "width": 512, "height": 512, "position": [0.49556999180480965, 12.846444416157192, -5.64676664538569], "rotation": [[-0.999256675942566, -0.01550187133525398, -0.03529336048320712], [0.03854775361916437, -0.40185045299175853, -0.9148935279755102], [-9.26092965415548e-08, -0.9155740214890682, 0.40214942677070753]], "fy": 711.111111111111, "fx": 711.111111111111}, {"id": 3, "img_name": "0003.png", "width": 512, "height": 512, "position": [4.176845869015714, 12.248936962511497, 5.447955277950202], "rotation": [[-0.9464848112498351, 0.12522324997198694, -0.2974651311190376], [0.32274814726844253, 0.36722719059578124, -0.8723404036672064], [-2.6382327065046267e-08, -0.9216633247026432, -0.38799048863411134]], "fy": 711.111111111111, "fx": 711.111111111111}, {"id": 4, "img_name": "0004.png", "width": 512, "height": 512, "position": [-7.7164690034029055, 11.651427695400402, -1.3649347545819663], "rotation": [[-0.8337356888414512, 0.05367446343887826, 0.5495487816723748], [-0.5521637542097841, -0.08104537358327231, -0.8297872269662566], [5.919834364292572e-10, -0.9952641385451106, 0.09720750795283124]], "fy": 711.111111111111, "fx": 711.111111111111}, {"id": 5, "img_name": "0005.png", "width": 512, "height": 512, "position": [7.3058480425479955, 11.053918315677246, -4.647383704338184], "rotation": [[-0.834253170009698, -0.18249394326924792, -0.5203052226735208], [0.5513815050138163, -0.27611757365195005, -0.7872340584794769], [2.0014464719129843e-08, -0.9436392253247052, 0.33097580228255447]], "fy": 711.111111111111, "fx": 711.111111111111}, {"id": 6, "img_name": "0006.png", "width": 512, "height": 512, "position": [-2.43289858794813, 10.456410354608085, 9.050260589837261], "rotation": [[-0.97398393353593, -0.14606355346433017, 0.17326532732245922], [-0.22661737643611124, 0.6277697614370452, -0.744680950046153], [6.502064351427201e-09, -0.7645721620709193, -0.6445382254210562]], "fy": 711.111111111111, "fx": 711.111111111111}, {"id": 7, "img_name": "0007.png", "width": 512, "height": 512, "position": [-4.60825864886465, 9.85890048656461, -8.872921719317983], "rotation": [[-0.9059210408417803, 0.2675795266657315, 0.32818934561252494], [-0.42344663142387123, -0.5724593938399033, -0.7021276079249358], [1.0242457367994447e-07, -0.7750428532564888, 0.631908673877135]], "fy": 711.111111111111, "fx": 711.111111111111}, {"id": 8, "img_name": "0008.png", "width": 512, "height": 512, "position": [9.913706008438524, 9.261391653706625, 3.6204696221666164], "rotation": [[-0.6826570349221032, 0.18841467787052968, -0.706030693433533], [0.730738962220633, 0.17601722551198515, -0.6595745097662674], [5.721293531920163e-08, -0.9661872872293674, -0.2578413650476211]], "fy": 711.111111111111, "fx": 711.111111111111}, {"id": 9, "img_name": "0009.png", "width": 512, "height": 512, "position": [-10.213908163355393, 8.663882529140167, 4.216149860401562], "rotation": [[-0.6468703356855738, -0.22898155131097142, 0.727410476197291], [-0.7625998634423842, 0.1942320908423326, -0.6170212613433179], [7.586484774458002e-08, -0.9538559838001035, -0.30026420161265627]], "fy": 711.111111111111, "fx": 711.111111111111}, {"id": 10, "img_name": "0010.png", "width": 512, "height": 512, "position": [4.8713961000845645, 8.066371980285819, -10.409891973748717], "rotation": [[-0.8560111917736157, -0.38325557487252304, -0.34692942933970944], [0.5169573141109818, -0.6346193324600581, -0.5744679802400161], [-6.450394804938757e-08, -0.6710987179715187, 0.7413680018912915]], "fy": 711.111111111111, "fx": 711.111111111111}, {"id": 11, "img_name": "0011.png", "width": 512, "height": 512, "position": [3.558569306003469, 7.468863990564229, 11.345280218615004], "rotation": [[-0.9027681940293878, 0.34753608439076283, -0.25343288413309867], [0.43012737266266043, 0.7294223329766882, -0.5319149358813551], [-3.052127146886e-08, -0.5892043158138658, -0.8079840621213046]], "fy": 711.111111111111, "fx": 711.111111111111}, {"id": 12, "img_name": "0012.png", "width": 512, "height": 512, "position": [-10.594765521682804, 6.871354922321378, -6.139883685813875], "rotation": [[-0.5441397389112851, 0.3668656987404756, 0.7545340818038097], [-0.8389947088723831, -0.23793500252349392, -0.4893617832867433], [-2.7143983779636447e-08, -0.8993312157070379, 0.4372681430783829]], "fy": 711.111111111111, "fx": 711.111111111111}, {"id": 13, "img_name": "0013.png", "width": 512, "height": 512, "position": [12.268911501114657, 6.273847401387628, -2.6972852000485448], "rotation": [[-0.45528762066208484, -0.17102991070152082, -0.8737629112389094], [0.8903442342213846, -0.08745802137429763, -0.4468086779498261], [-2.526129466693666e-08, -0.9813763904577923, 0.19209424427532798]], "fy": 711.111111111111, "fx": 711.111111111111}, {"id": 14, "img_name": "0014.png", "width": 512, "height": 512, "position": [-7.386370727101369, 5.676336219943881, 10.506353112561131], "rotation": [[-0.6093407112981726, -0.5932840219124764, 0.5260399531984897], [-0.7929085464400738, 0.45593166327774726, -0.40425533705087724], [-4.926605782953614e-08, -0.663430787569574, -0.7482377036863318]], "fy": 711.111111111111, "fx": 711.111111111111}, {"id": 15, "img_name": "0015.png", "width": 512, "height": 512, "position": [-1.6823036604944863, 5.078827215550257, -12.982222545063456], "rotation": [[-0.9492781493370872, 0.2907173768206864, 0.11980975603316196], [-0.3144375467819006, -0.8776677199104963, -0.3617020585109445], [8.250849313749296e-08, -0.3810285511241562, 0.9245632711098256]], "fy": 711.111111111111, "fx": 711.111111111111}, {"id": 16, "img_name": "0016.png", "width": 512, "height": 512, "position": [10.175305458454261, 4.481318096663958, 8.575759036421827], "rotation": [[-0.40305381214167674, 0.558939754974246, -0.7246612493013112], [0.9151762540241108, 0.2461633678868689, -0.31914885911632324], [5.6042639013262744e-08, -0.791826951116331, -0.6107454655622844]], "fy": 711.111111111111, "fx": 711.111111111111}, {"id": 17, "img_name": "0017.png", "width": 512, "height": 512, "position": [-13.482129461540973, 3.883808710151501, 0.5575283990758316], "rotation": [[-0.27681402807271815, -0.038154315757235074, 0.9601656371516499], [-0.9609234114005688, 0.010991043940745822, -0.2765958174089964], [1.7336929160521324e-07, -0.9992113374932027, -0.039705758558390584]], "fy": 711.111111111111, "fx": 711.111111111111}, {"id": 18, "img_name": "0018.png", "width": 512, "height": 512, "position": [9.676570160110032, 3.2862998574609623, -9.629482435880018], "rotation": [[-0.32157505542447695, -0.6493626985354471, -0.6891426598530866], [0.9468841111131949, -0.2205326314263954, -0.23404245765144327], [7.092100797728273e-09, -0.7278004380411672, 0.6857889842961161]], "fy": 711.111111111111, "fx": 711.111111111111}, {"id": 19, "img_name": "0019.png", "width": 512, "height": 512, "position": [-0.6365930421007098, 2.6887912375133154, 13.766912049729966], "rotation": [[-0.9730985870401231, -0.22588412976770866, 0.04533664612314343], [-0.23038891371463638, 0.9540716819155474, -0.1914893525707488], [-3.4390049163770745e-09, -0.1967830877633026, -0.9804470040259377]], "fy": 711.111111111111, "fx": 711.111111111111}, {"id": 20, "img_name": "0020.png", "width": 512, "height": 512, "position": [-8.896155086645384, 2.091281633824256, -10.660566483848239], "rotation": [[-0.22883908413433932, 0.7390740647975087, 0.6335631979819129], [-0.9734643286188658, -0.173739310565386, -0.1489361365266841], [-3.495896122381323e-08, -0.6508335413917774, 0.7592204725862364]], "fy": 711.111111111111, "fx": 711.111111111111}, {"id": 21, "img_name": "0021.png", "width": 512, "height": 512, "position": [13.837094170301842, 1.4937724455867287, 1.861761462280613], "rotation": [[-0.10733063267989612, 0.13182442428781319, -0.9854453253525671], [0.9942233994923074, 0.014230981541074099, -0.10638298864973961], [-7.39887750738504e-09, -0.9911709386040721, -0.13259036173364694]], "fy": 711.111111111111, "fx": 711.111111111111}, {"id": 22, "img_name": "0022.png", "width": 512, "height": 512, "position": [-11.502547844609648, 0.89626384362887, 8.003172822321343], "rotation": [[-0.07768315494166343, -0.5682448013438592, 0.8191843794576142], [-0.9969780347638941, 0.04427690683543283, -0.06382979164089508], [4.457089872868623e-08, -0.8216673839506314, -0.5699671281086977]], "fy": 711.111111111111, "fx": 711.111111111111}, {"id": 23, "img_name": "0023.png", "width": 512, "height": 512, "position": [3.0811420157365554, 0.2987547937767731, -13.695983427516603], "rotation": [[-0.09650971172515792, -0.9708426202461738, -0.21943169403888954], [0.9953319354040806, -0.0941351652024426, -0.02127664430330707], [1.293306164242922e-08, -0.22046079910402688, 0.9753958331152662]], "fy": 711.111111111111, "fx": 711.111111111111}, {"id": 24, "img_name": "0024.png", "width": 512, "height": 512, "position": [6.979566393487563, -0.29875433194279516, 12.180274692934114], "rotation": [[0.042764969022825866, 0.8666569149466549, -0.4970683172119998], [0.9990851416174811, -0.03709645304452659, 0.021276574947490523], [9.650588352066967e-09, -0.4975234714236759, -0.8674504728015656]], "fy": 711.111111111111, "fx": 711.111111111111}, {"id": 25, "img_name": "0025.png", "width": 512, "height": 512, "position": [-13.349920994693194, -0.8962631326508421, -4.258990143667718], "rotation": [[0.06698521519766683, 0.30263403656162224, 0.9507500124313762], [-0.9977539507432897, 0.020317627291413197, 0.06382954911046092], [2.7389858109165484e-08, -0.9528902336984603, 0.30331530887142627]], "fy": 711.111111111111, "fx": 711.111111111111}, {"id": 26, "img_name": "0026.png", "width": 512, "height": 512, "position": [12.674380273878555, -1.4937721861919564, -5.855885064356435], "rotation": [[0.11704752115128665, -0.4141756893076602, -0.9026395871796384], [0.9931262386813129, 0.048813724479850815, 0.10638294401076939], [-1.0666329819168761e-07, -0.9088869869902502, 0.41704237750222944]], "fy": 711.111111111111, "fx": 711.111111111111}, {"id": 27, "img_name": "0027.png", "width": 512, "height": 512, "position": [-5.360401691651022, -2.091280742566572, 12.808406469208203], "rotation": [[0.36345453654403903, -0.8498021140336325, 0.38175522223134317], [-0.9316118734306326, -0.331537507670579, 0.1489360709734234], [2.2078486162358574e-08, -0.4097792124277443, -0.9121845455538399]], "fy": 711.111111111111, "fx": 711.111111111111}, {"id": 28, "img_name": "0028.png", "width": 512, "height": 512, "position": [-4.664422270816568, -2.6887908301498666, -12.968279566875314], "rotation": [[0.49941260230153156, 0.8001483314417336, 0.3321892072392042], [-0.8663642546384278, 0.4612426478955338, 0.19148933322817718], [5.1190355290861493e-08, -0.38342904708222125, 0.9235703336122258]], "fy": 711.111111111111, "fx": 711.111111111111}, {"id": 29, "img_name": "0029.png", "width": 512, "height": 512, "position": [12.084145462803743, -3.286299867353524, 6.351088601451687], "rotation": [[0.2624204695146115, 0.4364577610162982, -0.8606044852678532], [0.964953603659008, -0.11869527863855948, 0.2340425452747808], [-2.7198898289997408e-08, -0.8918609718234359, -0.4523095491428317]], "fy": 711.111111111111, "fx": 711.111111111111}, {"id": 30, "img_name": "0030.png", "width": 512, "height": 512, "position": [-13.047958597435297, -3.8838077893364225, 3.439398995149005], "rotation": [[0.28528642282328615, -0.23476658185146979, 0.9292449765216114], [-0.9584422644817328, -0.06987972860669632, 0.27659559925358546], [3.7078408630260124e-08, -0.9695366686810245, -0.24494592094974033]], "fy": 711.111111111111, "fx": 711.111111111111}, {"id": 31, "img_name": "0031.png", "width": 512, "height": 512, "position": [7.197013091493996, -4.481317761160944, -11.193009890163248], "rotation": [[0.5285716823273113, -0.6766830555100866, -0.5125543644556984], [0.8488886464884804, 0.42134555359812464, 0.31914877119263135], [-8.631850448458467e-08, -0.6037945964285735, 0.7971399293935201]], "fy": 711.111111111111, "fx": 711.111111111111}, {"id": 32, "img_name": "0032.png", "width": 512, "height": 512, "position": [2.2172639600287196, -5.078826290535658, 12.901625128001971], "rotation": [[0.9164699990836986, 0.36762438526571717, -0.1579083381614068], [0.4001034015137755, -0.8420740324965941, 0.36170208201924936], [-1.3919119521284216e-08, -0.39466877175418486, -0.9188233544544965]], "fy": 711.111111111111, "fx": 711.111111111111}, {"id": 33, "img_name": "0033.png", "width": 512, "height": 512, "position": [-10.153950736172616, -5.67633611633951, -7.8637906672318], "rotation": [[0.48795695174901477, 0.48884141325342456, 0.723140448617093], [-0.8728677080392702, 0.2732758089666794, 0.40425527631234726], [-8.639119667631709e-08, -0.8284651090133462, 0.5600406971624821]], "fy": 711.111111111111, "fx": 711.111111111111}, {"id": 34, "img_name": "0034.png", "width": 512, "height": 512, "position": [12.519019547468288, -6.273846873057995, -1.0371757426734758], "rotation": [[0.4480323940656957, -0.06603681770695745, -0.8915750818821234], [0.8940173308868088, 0.03309407656538744, 0.44680848111546106], [5.5160140071745144e-08, -0.9972682414625552, 0.07386527031130247]], "fy": 711.111111111111, "fx": 711.111111111111}, {"id": 35, "img_name": "0035.png", "width": 512, "height": 512, "position": [-8.315526730228749, -6.871355867730366, 8.98884027883404], "rotation": [[0.6369919125538079, -0.4934834786967256, 0.5922123145505263], [-0.7708705269057261, -0.4077793357659239, 0.48936172682272244], [-3.679727755776847e-08, -0.7682384559394347, -0.6401640200902271]], "fy": 711.111111111111, "fx": 711.111111111111}, {"id": 36, "img_name": "0036.png", "width": 512, "height": 512, "position": [0.05800408202192134, -7.468863441044618, -11.890139538690034], "rotation": [[0.9999698450603287, -0.006576056459795713, -0.0041309137227093905], [0.007765884801288876, 0.8467622482176312, 0.5319148140283714], [-2.821563764790142e-10, -0.5319308543702098, 0.8467877830530582]], "fy": 711.111111111111, "fx": 711.111111111111}, {"id": 37, "img_name": "0037.png", "width": 512, "height": 512, "position": [7.7221879133764615, -8.066371704071058, 8.512585518360567], "rotation": [[0.7223498256934497, 0.4192362245212169, -0.5499560814519178], [0.6915278038349232, -0.43792191912306666, 0.5744680630217393], [-2.6368741943023462e-08, -0.7952768366788365, -0.6062463224890271]], "fy": 711.111111111111, "fx": 711.111111111111}, {"id": 38, "img_name": "0038.png", "width": 512, "height": 512, "position": [-11.00272611129837, -8.663880837484875, -1.0197307646239737], "rotation": [[0.6186548736866627, 0.05705706664629037, 0.7835882873758667], [-0.7856628494251864, 0.04492833479273653, 0.6170212685719355], [1.419647672663833e-07, -0.9973594387094076, 0.07262276924109702]], "fy": 711.111111111111, "fx": 711.111111111111}, {"id": 39, "img_name": "0039.png", "width": 512, "height": 512, "position": [8.406978978891177, -9.261391646867622, -6.3805984378745615], "rotation": [[0.7404360095657053, -0.3054219411956133, -0.598725274092137], [0.6721268600497945, 0.33646247479177016, 0.6595744747383205], [7.130592293383343e-08, -0.890792030477951, 0.45441122233902265]], "fy": 711.111111111111, "fx": 711.111111111111}, {"id": 40, "img_name": "0040.png", "width": 512, "height": 512, "position": [-1.7895205011856758, -9.85889924849485, 9.836788113062644], "rotation": [[0.9839226769457821, -0.12511523920569728, 0.12744545461583498], [-0.17859498028706064, -0.6892899457756009, 0.7021277155220091], [-1.13030633713672e-08, -0.7136004994437658, -0.7005529624973486]], "fy": 711.111111111111, "fx": 711.111111111111}, {"id": 41, "img_name": "0041.png", "width": 512, "height": 512, "position": [-4.99134700052788, -10.456409443256776, -7.931749783543841], "rotation": [[0.902454590747027, 0.24334208532943508, 0.3554719830612453], [-0.430784982600335, 0.5097790548411443, 0.7446808455419301], [3.727155674669539e-08, -0.8251726440318639, 0.5648805724444365]], "fy": 711.111111111111, "fx": 711.111111111111}, {"id": 42, "img_name": "0042.png", "width": 512, "height": 512, "position": [8.350800260069745, -11.053919016265796, 2.2886074846804596], "rotation": [[0.7979038040207268, 0.09824744864665816, -0.5947242765887526], [0.6027848093056036, -0.13004976871054333, 0.7872341261364443], [-2.3048019341885538e-10, -0.9866278601974636, -0.16298927760937465]], "fy": 711.111111111111, "fx": 711.111111111111}, {"id": 43, "img_name": "0043.png", "width": 512, "height": 512, "position": [-6.971811326853576, -11.65142583972853, 3.577817789207391], "rotation": [[0.8581110747681382, -0.130832584966376, 0.49651606714130175], [-0.5134640885382826, -0.21864983921880363, 0.8297871803777179], [-2.0537000646548898e-08, -0.9669927453960907, -0.25480367762417844]], "fy": 711.111111111111, "fx": 711.111111111111}, {"id": 44, "img_name": "0044.png", "width": 512, "height": 512, "position": [2.386339912000547, -12.24893740128084, -6.436740869381669], "rotation": [[0.9815462258491192, -0.08765936301615117, -0.16994952181369785], [0.1912250085347144, 0.44995008091318195, 0.8723404394718594], [-1.8286910345787454e-08, -0.8887410659481539, 0.45840946810119854]], "fy": 711.111111111111, "fx": 711.111111111111}, {"id": 45, "img_name": "0045.png", "width": 512, "height": 512, "position": [2.137254234036345, -12.846444360062497, 5.250112525859265], "rotation": [[0.9864414487285345, 0.06136220519340996, -0.152210208205646], [0.1641135817298625, -0.36883125451468884, 0.9148935376701537], [1.5368526926007648e-11, -0.9274686694183341, -0.37390080815350824]], "fy": 711.111111111111, "fx": 711.111111111111}, {"id": 46, "img_name": "0046.png", "width": 512, "height": 512, "position": [-3.6620689545854623, -13.443954709861478, -1.7355223784363112], "rotation": [[0.9648450983267083, 0.03248440036161914, 0.26080394855039235], [-0.26281920752930044, 0.11925461597273647, 0.9574468084375698], [1.216312657557924e-08, -0.9923321473008744, 0.12359975625254667]], "fy": 711.111111111111, "fx": 711.111111111111}, {"id": 47, "img_name": "0047.png", "width": 512, "height": 512, "position": [0.0, -14.041464332547505, -1.5407199002773585e-06], "rotation": [[1.0, 0.0, 0.0], [0.0, 3.422854412188872e-08, 1.0000000342285418], [-0.0, -1.0000000342285418, 3.422854412188871e-08]], "fy": 711.111111111111, "fx": 711.111111111111}]