{
  "camera_model": "PINHOLE",
  "intrinsics": {
    "width": 512,
    "height": 512,
    "fx": 711.1111111111111,
    "fy": 711.1111111111111,
    "cx": 256.0,
    "cy": 256.0
  },
  "images": [
    {
      "image_id": 1,
      "file_name": "0000.png",
      "camera_id": 1,
      "camera_center_world": [
        0.0,
        14.041463851928711,
        0.0
      ],
      "quaternion_wxyz_world_to_camera": [
        3.0908619663705394e-08,
        3.0908619663705394e-08,
        -0.7071067690849304,
        0.7071067690849304
      ],
      "translation_world_to_camera": [
        1.2275437484277063e-06,
        -1.060100998984126e-06,
        14.041463851928711
      ],
      "world_to_camera": [
        [
          -1.0,
          -8.742277657347586e-08,
          0.0,
          1.2275437484277063e-06
        ],
        [
          -6.6002361555513294e-15,
          7.549790126404332e-08,
          -1.0,
          -1.060100998984126e-06
        ],
        [
          8.742277657347586e-08,
          -1.0,
          -7.549790126404332e-08,
          14.041463851928711
        ],
        [
          0.0,
          0.0,
          0.0,
          1.0
        ]
      ],
      "blender_world_to_camera": [
        [
          -1.0,
          -8.742277657347586e-08,
          0.0,
          1.2275437484277063e-06
        ],
        [
          6.6002361555513294e-15,
          -7.549790126404332e-08,
          1.0,
          1.060100998984126e-06
        ],
        [
          -8.742277657347586e-08,
          1.0,
          7.549790126404332e-08,
          -14.041463851928711
        ],
        [
          -0.0,
          0.0,
          -0.0,
          1.0
        ]
      ],
      "camera_to_world": [
        [
          -1.0,
          6.6002361555513294e-15,
          -8.742277657347586e-08,
          0.0
        ],
        [
          -8.742277657347586e-08,
          -7.549790126404332e-08,
          1.0,
          14.041463851928711
        ],
        [
          0.0,
          1.0,
          7.549790126404332e-08,
          0.0
        ],
        [
          0.0,
          0.0,
          0.0,
          1.0
        ]
      ]
    },
    {
      "image_id": 2,
      "file_name": "0001.png",
      "camera_id": 1,
      "camera_center_world": [
        -2.988190174102783,
        13.443954467773438,
        2.737426996231079
      ],
      "quaternion_wxyz_world_to_camera": [
        0.06924325972795486,
        0.08436111360788345,
        -0.768348753452301,
        0.630657434463501
      ],
      "translation_world_to_camera": [
        -2.451872092024132e-07,
        -1.2932721560332539e-08,
        14.041461944580078
      ],
      "world_to_camera": [
        [
          -0.9761770963668823,
          -0.21697504818439484,
          3.725290298461914e-09,
          -2.451872092024132e-07
        ],
        [
          -0.042299963533878326,
          0.19030876457691193,
          -0.9808126091957092,
          -1.2932721560332539e-08
        ],
        [
          0.21281185746192932,
          -0.957446813583374,
          -0.1949530988931656,
          14.041461944580078
        ],
        [
          0.0,
          0.0,
          0.0,
          1.0
        ]
      ],
      "blender_world_to_camera": [
        [
          -0.9761770963668823,
          -0.21697504818439484,
          3.725290298461914e-09,
          -2.451872092024132e-07
        ],
        [
          0.042299963533878326,
          -0.19030876457691193,
          0.9808126091957092,
          1.2932721560332539e-08
        ],
        [
          -0.21281185746192932,
          0.957446813583374,
          0.1949530988931656,
          -14.041461944580078
        ],
        [
          -0.0,
          0.0,
          -0.0,
          1.0
        ]
      ],
      "camera_to_world": [
        [
          -0.9761771559715271,
          0.04229995980858803,
          -0.21281185746192932,
          -2.988190174102783
        ],
        [
          -0.21697504818439484,
          -0.19030874967575073,
          0.957446813583374,
          13.443954467773438
        ],
        [
          3.2057836385490646e-09,
          0.9808125495910645,
          0.1949530988931656,
          2.737426996231079
        ],
        [
          0.0,
          0.0,
          0.0,
          1.0
        ]
      ]
    },
    {
      "image_id": 3,
      "file_name": "0002.png",
      "camera_id": 1,
      "camera_center_world": [
        0.49557000398635864,
        12.846445083618164,
        -5.646764755249023
      ],
      "quaternion_wxyz_world_to_camera": [
        0.016141032800078392,
        0.010539809241890907,
        0.5466390252113342,
        -0.8371464610099792
      ],
      "translation_world_to_camera": [
        -4.538637483619823e-07,
        -6.892840520578147e-09,
        14.041463851928711
      ],
      "world_to_camera": [
        [
          -0.9992567896842957,
          0.038547761738300323,
          -8.754432911928234e-08,
          -4.538637483619823e-07
        ],
        [
          -0.015501875430345535,
          -0.4018504321575165,
          -0.9155741333961487,
          -6.892840520578147e-09
        ],
        [
          -0.03529336676001549,
          -0.914893627166748,
          0.40214934945106506,
          14.041463851928711
        ],
        [
          0.0,
          0.0,
          0.0,
          1.0
        ]
      ],
      "blender_world_to_camera": [
        [
          -0.9992567896842957,
          0.038547761738300323,
          -8.754432911928234e-08,
          -4.538637483619823e-07
        ],
        [
          0.015501875430345535,
          0.4018504321575165,
          0.9155741333961487,
          6.892840520578147e-09
        ],
        [
          0.03529336676001549,
          0.914893627166748,
          -0.40214934945106506,
          -14.041463851928711
        ],
        [
          -0.0,
          0.0,
          0.0,
          1.0
        ]
      ],
      "camera_to_world": [
        [
          -0.9992567300796509,
          0.015501873567700386,
          0.03529336303472519,
          0.49557000398635864
        ],
        [
          0.038547758013010025,
          0.4018504321575165,
          0.914893627166748,
          12.846445083618164
        ],
        [
          -8.742277657347586e-08,
          0.9155740737915039,
          -0.4021493196487427,
          -5.646764755249023
        ],
        [
          0.0,
          0.0,
          0.0,
          1.0
        ]
      ]
    },
    {
      "image_id": 4,
      "file_name": "0003.png",
      "camera_id": 1,
      "camera_center_world": [
        4.176845550537109,
        12.248936653137207,
        5.44795560836792
      ],
      "quaternion_wxyz_world_to_camera": [
        0.09048723429441452,
        0.1362704038619995,
        0.8218428492546082,
        -0.54572594165802
      ],
      "translation_world_to_camera": [
        -2.475843814409018e-07,
        5.282684014673578e-07,
        14.041464805603027
      ],
      "world_to_camera": [
        [
          -0.9464848637580872,
          0.3227481245994568,
          -7.450581485102248e-09,
          -2.475843814409018e-07
        ],
        [
          0.12522324919700623,
          0.3672272264957428,
          -0.9216634631156921,
          5.282684014673578e-07
        ],
        [
          -0.29746511578559875,
          -0.8723404407501221,
          -0.3879905343055725,
          14.041464805603027
        ],
        [
          0.0,
          0.0,
          0.0,
          1.0
        ]
      ],
      "blender_world_to_camera": [
        [
          -0.9464848637580872,
          0.3227481245994568,
          -7.450581485102248e-09,
          -2.475843814409018e-07
        ],
        [
          -0.12522324919700623,
          -0.3672272264957428,
          0.9216634631156921,
          -5.282684014673578e-07
        ],
        [
          0.29746511578559875,
          0.8723404407501221,
          0.3879905343055725,
          -14.041464805603027
        ],
        [
          -0.0,
          -0.0,
          -0.0,
          1.0
        ]
      ],
      "camera_to_world": [
        [
          -0.9464849233627319,
          -0.12522320449352264,
          0.29746511578559875,
          4.176845550537109
        ],
        [
          0.3227481245994568,
          -0.36722713708877563,
          0.8723404407501221,
          12.248936653137207
        ],
        [
          -1.2010547223439971e-08,
          0.9216632843017578,
          0.3879905343055725,
          5.44795560836792
        ],
        [
          0.0,
          0.0,
          0.0,
          1.0
        ]
      ]
    },
    {
      "image_id": 5,
      "file_name": "0004.png",
      "camera_id": 1,
      "camera_center_world": [
        -7.7164692878723145,
        11.651427268981934,
        -1.3649348020553589
      ],
      "quaternion_wxyz_world_to_camera": [
        0.21355704963207245,
        0.19371511042118073,
        -0.6433278322219849,
        0.7092229127883911
      ],
      "translation_world_to_camera": [
        4.80722917473031e-07,
        9.59015551416087e-07,
        14.041463851928711
      ],
      "world_to_camera": [
        [
          -0.8337356448173523,
          -0.5521637797355652,
          7.450580596923828e-09,
          4.80722917473031e-07
        ],
        [
          0.05367446690797806,
          -0.08104537427425385,
          -0.9952641725540161,
          9.59015551416087e-07
        ],
        [
          0.5495488047599792,
          -0.8297872543334961,
          0.09720750898122787,
          14.041463851928711
        ],
        [
          0.0,
          0.0,
          0.0,
          1.0
        ]
      ],
      "blender_world_to_camera": [
        [
          -0.8337356448173523,
          -0.5521637797355652,
          7.450580596923828e-09,
          4.80722917473031e-07
        ],
        [
          -0.05367446690797806,
          0.08104537427425385,
          0.9952641725540161,
          -9.59015551416087e-07
        ],
        [
          -0.5495488047599792,
          0.8297872543334961,
          -0.09720750898122787,
          -14.041463851928711
        ],
        [
          0.0,
          0.0,
          -0.0,
          1.0
        ]
      ],
      "camera_to_world": [
        [
          -0.8337357044219971,
          -0.05367445945739746,
          -0.5495488047599792,
          -7.7164692878723145
        ],
        [
          -0.5521637797355652,
          0.08104536682367325,
          0.8297871947288513,
          11.651427268981934
        ],
        [
          2.1370212266447197e-09,
          0.9952641129493713,
          -0.09720750898122787,
          -1.3649348020553589
        ],
        [
          0.0,
          0.0,
          0.0,
          1.0
        ]
      ]
    },
    {
      "image_id": 6,
      "file_name": "0005.png",
      "camera_id": 1,
      "camera_center_world": [
        7.305848598480225,
        11.05391788482666,
        -4.647382736206055
      ],
      "quaternion_wxyz_world_to_camera": [
        0.23484303057193756,
        0.16649970412254333,
        0.5538862347602844,
        -0.7812404632568359
      ],
      "translation_world_to_camera": [
        1.032721002047765e-06,
        1.1225428124816972e-06,
        14.041463851928711
      ],
      "world_to_camera": [
        [
          -0.8342533111572266,
          0.5513815879821777,
          0.0,
          1.032721002047765e-06
        ],
        [
          -0.1824939101934433,
          -0.27611759305000305,
          -0.9436392784118652,
          1.1225428124816972e-06
        ],
        [
          -0.5203052163124084,
          -0.7872340679168701,
          0.3309757113456726,
          14.041463851928711
        ],
        [
          0.0,
          0.0,
          0.0,
          1.0
        ]
      ],
      "blender_world_to_camera": [
        [
          -0.8342533111572266,
          0.5513815879821777,
          0.0,
          1.032721002047765e-06
        ],
        [
          0.1824939101934433,
          0.27611759305000305,
          0.9436392784118652,
          -1.1225428124816972e-06
        ],
        [
          0.5203052163124084,
          0.7872340679168701,
          -0.3309757113456726,
          -14.041463851928711
        ],
        [
          -0.0,
          -0.0,
          -0.0,
          1.0
        ]
      ],
      "camera_to_world": [
        [
          -0.8342531323432922,
          0.1824938952922821,
          0.5203052759170532,
          7.305848598480225
        ],
        [
          0.5513814687728882,
          0.27611756324768066,
          0.7872340679168701,
          11.05391788482666
        ],
        [
          1.906261370976381e-09,
          0.9436392188072205,
          -0.330975741147995,
          -4.647382736206055
        ],
        [
          0.0,
          0.0,
          0.0,
          1.0
        ]
      ]
    },
    {
      "image_id": 7,
      "file_name": "0006.png",
      "camera_id": 1,
      "camera_center_world": [
        -2.4328982830047607,
        10.456409454345703,
        9.050260543823242
      ],
      "quaternion_wxyz_world_to_camera": [
        0.048082586377859116,
        0.10342210531234741,
        -0.9008734226226807,
        0.4188304841518402
      ],
      "translation_world_to_camera": [
        1.71167556572982e-07,
        5.184614906283969e-07,
        14.041463851928711
      ],
      "world_to_camera": [
        [
          -0.973983883857727,
          -0.22661735117435455,
          0.0,
          1.71167556572982e-07
        ],
        [
          -0.14606355130672455,
          0.6277698278427124,
          -0.7645720839500427,
          5.184614906283969e-07
        ],
        [
          0.17326529324054718,
          -0.7446808815002441,
          -0.6445382237434387,
          14.041463851928711
        ],
        [
          0.0,
          0.0,
          0.0,
          1.0
        ]
      ],
      "blender_world_to_camera": [
        [
          -0.973983883857727,
          -0.22661735117435455,
          0.0,
          1.71167556572982e-07
        ],
        [
          0.14606355130672455,
          -0.6277698278427124,
          0.7645720839500427,
          -5.184614906283969e-07
        ],
        [
          -0.17326529324054718,
          0.7446808815002441,
          0.6445382237434387,
          -14.041463851928711
        ],
        [
          -0.0,
          0.0,
          -0.0,
          1.0
        ]
      ],
      "camera_to_world": [
        [
          -0.973983883857727,
          0.14606355130672455,
          -0.17326530814170837,
          -2.4328982830047607
        ],
        [
          -0.22661735117435455,
          -0.6277698278427124,
          0.7446808815002441,
          10.456409454345703
        ],
        [
          1.137042349164119e-09,
          0.7645720839500427,
          0.6445382237434387,
          9.050260543823242
        ],
        [
          0.0,
          0.0,
          0.0,
          1.0
        ]
      ]
    },
    {
      "image_id": 8,
      "file_name": "0007.png",
      "camera_id": 1,
      "camera_center_world": [
        -4.6082587242126465,
        9.85890007019043,
        -8.87292194366455
      ],
      "quaternion_wxyz_world_to_camera": [
        0.1959133893251419,
        0.09304525703191757,
        -0.41879379749298096,
        0.8818005919456482
      ],
      "translation_world_to_camera": [
        6.158598466754484e-07,
        1.3968880239190185e-06,
        14.041463851928711
      ],
      "world_to_camera": [
        [
          -0.9059211015701294,
          -0.4234466552734375,
          1.0430814256778831e-07,
          6.158598466754484e-07
        ],
        [
          0.267579585313797,
          -0.5724593997001648,
          -0.7750428915023804,
          1.3968880239190185e-06
        ],
        [
          0.32818934321403503,
          -0.7021275758743286,
          0.6319085955619812,
          14.041463851928711
        ],
        [
          0.0,
          0.0,
          0.0,
          1.0
        ]
      ],
      "blender_world_to_camera": [
        [
          -0.9059211015701294,
          -0.4234466552734375,
          1.0430814256778831e-07,
          6.158598466754484e-07
        ],
        [
          -0.267579585313797,
          0.5724593997001648,
          0.7750428915023804,
          -1.3968880239190185e-06
        ],
        [
          -0.32818934321403503,
          0.7021275758743286,
          -0.6319085955619812,
          -14.041463851928711
        ],
        [
          0.0,
          0.0,
          -0.0,
          1.0
        ]
      ],
      "camera_to_world": [
        [
          -0.9059209823608398,
          -0.2675795257091522,
          -0.32818934321403503,
          -4.6082587242126465
        ],
        [
          -0.4234466254711151,
          0.57245934009552,
          0.7021275758743286,
          9.85890007019043
        ],
        [
          8.74227694680485e-08,
          0.7750427722930908,
          -0.6319087147712708,
          -8.87292194366455
        ],
        [
          0.0,
          0.0,
          0.0,
          1.0
        ]
      ]
    },
    {
      "image_id": 9,
      "file_name": "0008.png",
      "camera_id": 1,
      "camera_center_world": [
        9.913704872131348,
        9.261390686035156,
        3.620469093322754
      ],
      "quaternion_wxyz_world_to_camera": [
        0.24265143275260925,
        0.3158983588218689,
        0.7274124622344971,
        -0.5587482452392578
      ],
      "translation_world_to_camera": [
        1.044369696501235e-06,
        -8.596450697950786e-07,
        14.041464805603027
      ],
      "world_to_camera": [
        [
          -0.6826570630073547,
          0.7307389378547668,
          2.2351743567128324e-08,
          1.044369696501235e-06
        ],
        [
          0.18841469287872314,
          0.17601722478866577,
          -0.9661871790885925,
          -8.596450697950786e-07
        ],
        [
          -0.7060307264328003,
          -0.659574568271637,
          -0.2578413486480713,
          14.041464805603027
        ],
        [
          0.0,
          0.0,
          0.0,
          1.0
        ]
      ],
      "blender_world_to_camera": [
        [
          -0.6826570630073547,
          0.7307389378547668,
          2.2351743567128324e-08,
          1.044369696501235e-06
        ],
        [
          -0.18841469287872314,
          -0.17601722478866577,
          0.9661871790885925,
          8.596450697950786e-07
        ],
        [
          0.7060307264328003,
          0.659574568271637,
          0.2578413486480713,
          -14.041464805603027
        ],
        [
          -0.0,
          0.0,
          -0.0,
          1.0
        ]
      ],
      "camera_to_world": [
        [
          -0.68265700340271,
          -0.18841469287872314,
          0.7060306072235107,
          9.913704872131348
        ],
        [
          0.7307389378547668,
          -0.17601720988750458,
          0.6595744490623474,
          9.261390686035156
        ],
        [
          3.3369836671681696e-08,
          0.9661872982978821,
          0.2578413188457489,
          3.620469093322754
        ],
        [
          0.0,
          0.0,
          0.0,
          1.0
        ]
      ]
    },
    {
      "image_id": 10,
      "file_name": "0009.png",
      "camera_id": 1,
      "camera_center_world": [
        -10.213908195495605,
        8.6638822555542,
        4.216152667999268
      ],
      "quaternion_wxyz_world_to_camera": [
        0.24854445457458496,
        0.3388074040412903,
        -0.7316704988479614,
        0.5367434620857239
      ],
      "translation_world_to_camera": [
        4.382641805023013e-07,
        6.720878218402504e-07,
        14.041464805603027
      ],
      "world_to_camera": [
        [
          -0.6468704342842102,
          -0.7625998854637146,
          -2.9802322387695312e-08,
          4.382641805023013e-07
        ],
        [
          -0.2289815992116928,
          0.19423221051692963,
          -0.9538559913635254,
          6.720878218402504e-07
        ],
        [
          0.7274104952812195,
          -0.6170213222503662,
          -0.3002644181251526,
          14.041464805603027
        ],
        [
          0.0,
          0.0,
          0.0,
          1.0
        ]
      ],
      "blender_world_to_camera": [
        [
          -0.6468704342842102,
          -0.7625998854637146,
          -2.9802322387695312e-08,
          4.382641805023013e-07
        ],
        [
          0.2289815992116928,
          -0.19423221051692963,
          0.9538559913635254,
          -6.720878218402504e-07
        ],
        [
          -0.7274104952812195,
          0.6170213222503662,
          0.3002644181251526,
          -14.041464805603027
        ],
        [
          0.0,
          0.0,
          -0.0,
          1.0
        ]
      ],
      "camera_to_world": [
        [
          -0.646870493888855,
          0.2289815992116928,
          -0.7274104952812195,
          -10.213908195495605
        ],
        [
          -0.7625998854637146,
          -0.19423221051692963,
          0.6170212626457214,
          8.6638822555542
        ],
        [
          -3.047739483008627e-08,
          0.9538559913635254,
          0.3002644181251526,
          4.216152667999268
        ],
        [
          0.0,
          0.0,
          0.0,
          1.0
        ]
      ]
    },
    {
      "image_id": 11,
      "file_name": "0010.png",
      "camera_id": 1,
      "camera_center_world": [
        4.871396541595459,
        8.066372871398926,
        -10.409891128540039
      ],
      "quaternion_wxyz_world_to_camera": [
        0.25036847591400146,
        0.09648852050304413,
        0.3464187681674957,
        -0.8988879919052124
      ],
      "translation_world_to_camera": [
        -1.116672819989617e-06,
        3.842138340814927e-08,
        14.041463851928711
      ],
      "world_to_camera": [
        [
          -0.8560112714767456,
          0.5169573426246643,
          -8.940696716308594e-08,
          -1.116672819989617e-06
        ],
        [
          -0.3832554817199707,
          -0.6346193552017212,
          -0.6710987687110901,
          3.842138340814927e-08
        ],
        [
          -0.3469294011592865,
          -0.5744679570198059,
          0.7413679361343384,
          14.041463851928711
        ],
        [
          0.0,
          0.0,
          0.0,
          1.0
        ]
      ],
      "blender_world_to_camera": [
        [
          -0.8560112714767456,
          0.5169573426246643,
          -8.940696716308594e-08,
          -1.116672819989617e-06
        ],
        [
          0.3832554817199707,
          0.6346193552017212,
          0.6710987687110901,
          -3.842138340814927e-08
        ],
        [
          0.3469294011592865,
          0.5744679570198059,
          -0.7413679361343384,
          -14.041463851928711
        ],
        [
          -0.0,
          0.0,
          0.0,
          1.0
        ]
      ],
      "camera_to_world": [
        [
          -0.856011152267456,
          0.3832555115222931,
          0.34692949056625366,
          4.871396541595459
        ],
        [
          0.5169572234153748,
          0.6346192955970764,
          0.5744680762290955,
          8.066372871398926
        ],
        [
          -8.74227694680485e-08,
          0.6710987687110901,
          -0.7413679957389832,
          -10.409891128540039
        ],
        [
          0.0,
          0.0,
          0.0,
          1.0
        ]
      ]
    },
    {
      "image_id": 12,
      "file_name": "0011.png",
      "camera_id": 1,
      "camera_center_world": [
        3.5585691928863525,
        7.468863487243652,
        11.345279693603516
      ],
      "quaternion_wxyz_world_to_camera": [
        0.06831918656826019,
        0.20963869988918304,
        0.9273853898048401,
        -0.30222582817077637
      ],
      "translation_world_to_camera": [
        7.160600716815679e-07,
        7.58396538458328e-07,
        14.041464805603027
      ],
      "world_to_camera": [
        [
          -0.9027683138847351,
          0.43012744188308716,
          -1.4901162970204496e-08,
          7.160600716815679e-07
        ],
        [
          0.3475360572338104,
          0.7294223308563232,
          -0.5892043709754944,
          7.58396538458328e-07
        ],
        [
          -0.2534329295158386,
          -0.5319149494171143,
          -0.8079841136932373,
          14.041464805603027
        ],
        [
          0.0,
          0.0,
          0.0,
          1.0
        ]
      ],
      "blender_world_to_camera": [
        [
          -0.9027683138847351,
          0.43012744188308716,
          -1.4901162970204496e-08,
          7.160600716815679e-07
        ],
        [
          -0.3475360572338104,
          -0.7294223308563232,
          0.5892043709754944,
          -7.58396538458328e-07
        ],
        [
          0.2534329295158386,
          0.5319149494171143,
          0.8079841136932373,
          -14.041464805603027
        ],
        [
          -0.0,
          -0.0,
          -0.0,
          1.0
        ]
      ],
      "camera_to_world": [
        [
          -0.9027681350708008,
          -0.3475360870361328,
          0.25343289971351624,
          3.5585691928863525
        ],
        [
          0.43012735247612,
          -0.7294223308563232,
          0.5319149494171143,
          7.468863487243652
        ],
        [
          -1.8823616443341962e-08,
          0.5892043113708496,
          0.8079840540885925,
          11.345279693603516
        ],
        [
          0.0,
          0.0,
          0.0,
          1.0
        ]
      ]
    },
    {
      "image_id": 13,
      "file_name": "0012.png",
      "camera_id": 1,
      "camera_center_world": [
        -10.594764709472656,
        6.871354579925537,
        -6.139882564544678
      ],
      "quaternion_wxyz_world_to_camera": [
        0.40472009778022766,
        0.25324252247810364,
        -0.466083824634552,
        0.7448729276657104
      ],
      "translation_world_to_camera": [
        -2.0816953565372387e-06,
        1.7299885257671122e-06,
        14.041464805603027
      ],
      "world_to_camera": [
        [
          -0.5441396832466125,
          -0.8389946818351746,
          -1.4901162970204496e-08,
          -2.0816953565372387e-06
        ],
        [
          0.3668656349182129,
          -0.2379349172115326,
          -0.8993313312530518,
          1.7299885257671122e-06
        ],
        [
          0.7545341849327087,
          -0.4893617630004883,
          0.43726807832717896,
          14.041464805603027
        ],
        [
          0.0,
          0.0,
          0.0,
          1.0
        ]
      ],
      "blender_world_to_camera": [
        [
          -0.5441396832466125,
          -0.8389946818351746,
          -1.4901162970204496e-08,
          -2.0816953565372387e-06
        ],
        [
          -0.3668656349182129,
          0.2379349172115326,
          0.8993313312530518,
          -1.7299885257671122e-06
        ],
        [
          -0.7545341849327087,
          0.4893617630004883,
          -0.43726807832717896,
          -14.041464805603027
        ],
        [
          -0.0,
          0.0,
          -0.0,
          1.0
        ]
      ],
      "camera_to_world": [
        [
          -0.5441396236419678,
          -0.3668655455112457,
          -0.7545340657234192,
          -10.594764709472656
        ],
        [
          -0.8389946818351746,
          0.237934872508049,
          0.48936179280281067,
          6.871354579925537
        ],
        [
          -8.830665976233831e-09,
          0.8993311524391174,
          -0.43726807832717896,
          -6.139882564544678
        ],
        [
          0.0,
          0.0,
          0.0,
          1.0
        ]
      ]
    },
    {
      "image_id": 14,
      "file_name": "0013.png",
      "camera_id": 1,
      "camera_center_world": [
        12.268912315368652,
        6.273845672607422,
        -2.6972858905792236
      ],
      "quaternion_wxyz_world_to_camera": [
        0.40291082859039307,
        0.3316912055015564,
        0.5421566963195801,
        -0.6585666537284851
      ],
      "translation_world_to_camera": [
        9.757637826623977e-07,
        -6.416474320758425e-07,
        14.041464805603027
      ],
      "world_to_camera": [
        [
          -0.45528772473335266,
          0.8903444409370422,
          2.2351745343485163e-08,
          9.757637826623977e-07
        ],
        [
          -0.17103011906147003,
          -0.08745815604925156,
          -0.9813765287399292,
          -6.416474320758425e-07
        ],
        [
          -0.8737630844116211,
          -0.4468086361885071,
          0.1920943260192871,
          14.041464805603027
        ],
        [
          0.0,
          0.0,
          0.0,
          1.0
        ]
      ],
      "blender_world_to_camera": [
        [
          -0.45528772473335266,
          0.8903444409370422,
          2.2351745343485163e-08,
          9.757637826623977e-07
        ],
        [
          0.17103011906147003,
          0.08745815604925156,
          0.9813765287399292,
          6.416474320758425e-07
        ],
        [
          0.8737630844116211,
          0.4468086361885071,
          -0.1920943260192871,
          -14.041464805603027
        ],
        [
          -0.0,
          -0.0,
          -0.0,
          1.0
        ]
      ],
      "camera_to_world": [
        [
          -0.4552876651287079,
          0.17103008925914764,
          0.8737630248069763,
          12.268912315368652
        ],
        [
          0.8903443813323975,
          0.08745814114809036,
          0.4468086063861847,
          6.273845672607422
        ],
        [
          2.489253247972556e-08,
          0.9813764095306396,
          -0.19209431111812592,
          -2.6972858905792236
        ],
        [
          0.0,
          0.0,
          0.0,
          1.0
        ]
      ]
    },
    {
      "image_id": 15,
      "file_name": "0014.png",
      "camera_id": 1,
      "camera_center_world": [
        -7.386370658874512,
        5.676336288452148,
        10.506352424621582
      ],
      "quaternion_wxyz_world_to_camera": [
        0.15680666267871857,
        0.41320857405662537,
        -0.8386760354042053,
        0.3182653486728668
      ],
      "translation_world_to_camera": [
        -2.236689908841072e-07,
        6.68644531742757e-07,
        14.041463851928711
      ],
      "world_to_camera": [
        [
          -0.6093407273292542,
          -0.7929086685180664,
          0.0,
          -2.236689908841072e-07
        ],
        [
          -0.5932840704917908,
          0.4559316635131836,
          -0.6634308099746704,
          6.68644531742757e-07
        ],
        [
          0.5260399580001831,
          -0.40425539016723633,
          -0.748237669467926,
          14.041463851928711
        ],
        [
          0.0,
          0.0,
          0.0,
          1.0
        ]
      ],
      "blender_world_to_camera": [
        [
          -0.6093407273292542,
          -0.7929086685180664,
          0.0,
          -2.236689908841072e-07
        ],
        [
          0.5932840704917908,
          -0.4559316635131836,
          0.6634308099746704,
          -6.68644531742757e-07
        ],
        [
          -0.5260399580001831,
          0.40425539016723633,
          0.748237669467926,
          -14.041463851928711
        ],
        [
          -0.0,
          0.0,
          -0.0,
          1.0
        ]
      ],
      "camera_to_world": [
        [
          -0.6093406081199646,
          0.593284010887146,
          -0.5260399580001831,
          -7.386370658874512
        ],
        [
          -0.7929084897041321,
          -0.4559316039085388,
          0.40425536036491394,
          5.676336288452148
        ],
        [
          1.8343071062076888e-08,
          0.6634308099746704,
          0.748237669467926,
          10.506352424621582
        ],
        [
          0.0,
          0.0,
          0.0,
          1.0
        ]
      ]
    },
    {
      "image_id": 16,
      "file_name": "0015.png",
      "camera_id": 1,
      "camera_center_world": [
        -1.6823036670684814,
        5.078827381134033,
        -12.982221603393555
      ],
      "quaternion_wxyz_world_to_camera": [
        0.15621890127658844,
        0.03092854470014572,
        -0.19173364341259003,
        0.9684406518936157
      ],
      "translation_world_to_camera": [
        9.253592452296289e-07,
        2.2774788988044747e-07,
        14.041464805603027
      ],
      "world_to_camera": [
        [
          -0.9492781758308411,
          -0.3144375681877136,
          8.940696716308594e-08,
          9.253592452296289e-07
        ],
        [
          0.29071736335754395,
          -0.8776677250862122,
          -0.38102859258651733,
          2.2774788988044747e-07
        ],
        [
          0.11980975419282913,
          -0.3617020547389984,
          0.9245632886886597,
          14.041464805603027
        ],
        [
          0.0,
          0.0,
          0.0,
          1.0
        ]
      ],
      "blender_world_to_camera": [
        [
          -0.9492781758308411,
          -0.3144375681877136,
          8.940696716308594e-08,
          9.253592452296289e-07
        ],
        [
          -0.29071736335754395,
          0.8776677250862122,
          0.38102859258651733,
          -2.2774788988044747e-07
        ],
        [
          -0.11980975419282913,
          0.3617020547389984,
          -0.9245632886886597,
          -14.041464805603027
        ],
        [
          0.0,
          0.0,
          -0.0,
          1.0
        ]
      ],
      "camera_to_world": [
        [
          -0.9492781758308411,
          -0.29071736335754395,
          -0.11980976909399033,
          -1.6823036670684814
        ],
        [
          -0.31443753838539124,
          0.8776677250862122,
          0.3617020845413208,
          5.078827381134033
        ],
        [
          8.742277657347586e-08,
          0.38102856278419495,
          -0.9245632886886597,
          -12.982221603393555
        ],
        [
          0.0,
          0.0,
          0.0,
          1.0
        ]
      ]
    },
    {
      "image_id": 17,
      "file_name": "0016.png",
      "camera_id": 1,
      "camera_center_world": [
        10.17530632019043,
        4.48131799697876,
        8.575758934020996
      ],
      "quaternion_wxyz_world_to_camera": [
        0.24102076888084412,
        0.49028775095939636,
        0.7516586184501648,
        -0.36950811743736267
      ],
      "translation_world_to_camera": [
        -5.584795985669189e-07,
        -1.693552349024685e-06,
        14.041463851928711
      ],
      "world_to_camera": [
        [
          -0.4030538499355316,
          0.9151763916015625,
          4.4703490686970326e-08,
          -5.584795985669189e-07
        ],
        [
          0.5589397549629211,
          0.24616332352161407,
          -0.7918270230293274,
          -1.693552349024685e-06
        ],
        [
          -0.7246612906455994,
          -0.31914883852005005,
          -0.6107454895973206,
          14.041463851928711
        ],
        [
          0.0,
          0.0,
          0.0,
          1.0
        ]
      ],
      "blender_world_to_camera": [
        [
          -0.4030538499355316,
          0.9151763916015625,
          4.4703490686970326e-08,
          -5.584795985669189e-07
        ],
        [
          -0.5589397549629211,
          -0.24616332352161407,
          0.7918270230293274,
          1.693552349024685e-06
        ],
        [
          0.7246612906455994,
          0.31914883852005005,
          0.6107454895973206,
          -14.041463851928711
        ],
        [
          -0.0,
          0.0,
          -0.0,
          1.0
        ]
      ],
      "camera_to_world": [
        [
          -0.40305376052856445,
          -0.5589397549629211,
          0.7246612906455994,
          10.17530632019043
        ],
        [
          0.9151762127876282,
          -0.24616330862045288,
          0.31914883852005005,
          4.48131799697876
        ],
        [
          6.176806266466883e-08,
          0.7918269634246826,
          0.6107454299926758,
          8.575758934020996
        ],
        [
          0.0,
          0.0,
          0.0,
          1.0
        ]
      ]
    },
    {
      "image_id": 18,
      "file_name": "0017.png",
      "camera_id": 1,
      "camera_center_world": [
        -13.482131958007812,
        3.8838090896606445,
        0.5575284957885742
      ],
      "quaternion_wxyz_world_to_camera": [
        0.4166747033596039,
        0.4335610568523407,
        -0.5760883092880249,
        0.5536509156227112
      ],
      "translation_world_to_camera": [
        -9.548243724566419e-07,
        1.5024822914710967e-06,
        14.041461944580078
      ],
      "world_to_camera": [
        [
          -0.2768141031265259,
          -0.9609235525131226,
          1.341104507446289e-07,
          -9.548243724566419e-07
        ],
        [
          -0.0381542332470417,
          0.010990984737873077,
          -0.9992113709449768,
          1.5024822914710967e-06
        ],
        [
          0.9601656794548035,
          -0.276595801115036,
          -0.039705757051706314,
          14.041461944580078
        ],
        [
          0.0,
          0.0,
          0.0,
          1.0
        ]
      ],
      "blender_world_to_camera": [
        [
          -0.2768141031265259,
          -0.9609235525131226,
          1.341104507446289e-07,
          -9.548243724566419e-07
        ],
        [
          0.0381542332470417,
          -0.010990984737873077,
          0.9992113709449768,
          -1.5024822914710967e-06
        ],
        [
          -0.9601656794548035,
          0.276595801115036,
          0.039705757051706314,
          -14.041461944580078
        ],
        [
          -0.0,
          0.0,
          -0.0,
          1.0
        ]
      ],
      "camera_to_world": [
        [
          -0.2768141031265259,
          0.0381542332470417,
          -0.9601657390594482,
          -13.482131958007812
        ],
        [
          -0.960923433303833,
          -0.010990985669195652,
          0.2765958309173584,
          3.8838090896606445
        ],
        [
          1.3444639535009628e-07,
          0.9992114305496216,
          0.03970576077699661,
          0.5575284957885742
        ],
        [
          0.0,
          0.0,
          0.0,
          1.0
        ]
      ]
    },
    {
      "image_id": 19,
      "file_name": "0018.png",
      "camera_id": 1,
      "camera_center_world": [
        9.676570892333984,
        3.28629994392395,
        -9.629481315612793
      ],
      "quaternion_wxyz_world_to_camera": [
        0.5347151756286621,
        0.2308509200811386,
        0.32220080494880676,
        -0.7463070154190063
      ],
      "translation_world_to_camera": [
        -1.5978785086190328e-06,
        -1.6526992112630978e-06,
        14.041463851928711
      ],
      "world_to_camera": [
        [
          -0.32157501578330994,
          0.9468841552734375,
          4.470348358154297e-08,
          -1.5978785086190328e-06
        ],
        [
          -0.6493626236915588,
          -0.22053256630897522,
          -0.7278004288673401,
          -1.6526992112630978e-06
        ],
        [
          -0.6891427040100098,
          -0.2340424656867981,
          0.6857889890670776,
          14.041463851928711
        ],
        [
          0.0,
          0.0,
          0.0,
          1.0
