{
  "camera_model": "PINHOLE",
  "intrinsics": {
    "width": 512,
    "height": 512,
    "fx": 711.1111111111111,
    "fy": 711.1111111111111,
    "cx": 256.0,
    "cy": 256.0
  },
  "images": [
    {
      "image_id": 1,
      "file_name": "0000.png",
      "camera_id": 1,
      "camera_center_world": [
        0.0,
        13.957680702209473,
        0.0
      ],
      "quaternion_wxyz_world_to_camera": [
        3.0908619663705394e-08,
        3.0908619663705394e-08,
        -0.7071067690849304,
        0.7071067690849304
      ],
      "translation_world_to_camera": [
        1.2202192465338157e-06,
        -1.053775577020133e-06,
        13.957680702209473
      ],
      "world_to_camera": [
        [
          -1.0,
          -8.742277657347586e-08,
          0.0,
          1.2202192465338157e-06
        ],
        [
          -6.6002361555513294e-15,
          7.549790126404332e-08,
          -1.0,
          -1.053775577020133e-06
        ],
        [
          8.742277657347586e-08,
          -1.0,
          -7.549790126404332e-08,
          13.957680702209473
        ],
        [
          0.0,
          0.0,
          0.0,
          1.0
        ]
      ],
      "blender_world_to_camera": [
        [
          -1.0,
          -8.742277657347586e-08,
          0.0,
          1.2202192465338157e-06
        ],
        [
          6.6002361555513294e-15,
          -7.549790126404332e-08,
          1.0,
          1.053775577020133e-06
        ],
        [
          -8.742277657347586e-08,
          1.0,
          7.549790126404332e-08,
          -13.957680702209473
        ],
        [
          -0.0,
          0.0,
          -0.0,
          1.0
        ]
      ],
      "camera_to_world": [
        [
          -1.0,
          6.6002361555513294e-15,
          -8.742277657347586e-08,
          0.0
        ],
        [
          -8.742277657347586e-08,
          -7.549790126404332e-08,
          1.0,
          13.957680702209473
        ],
        [
          0.0,
          1.0,
          7.549790126404332e-08,
          0.0
        ],
        [
          0.0,
          0.0,
          0.0,
          1.0
        ]
      ]
    },
    {
      "image_id": 2,
      "file_name": "0001.png",
      "camera_id": 1,
      "camera_center_world": [
        -2.970360279083252,
        13.363737106323242,
        2.72109317779541
      ],
      "quaternion_wxyz_world_to_camera": [
        0.06924325972795486,
        0.08436111360788345,
        -0.768348753452301,
        0.630657434463501
      ],
      "translation_world_to_camera": [
        -2.552723117332789e-07,
        2.1980605424687383e-07,
        13.957679748535156
      ],
      "world_to_camera": [
        [
          -0.9761770963668823,
          -0.21697504818439484,
          -7.450580596923828e-09,
          -2.552723117332789e-07
        ],
        [
          -0.04229995235800743,
          0.19030876457691193,
          -0.9808126091957092,
          2.1980605424687383e-07
        ],
        [
          0.21281185746192932,
          -0.957446813583374,
          -0.1949530839920044,
          13.957679748535156
        ],
        [
          0.0,
          0.0,
          0.0,
          1.0
        ]
      ],
      "blender_world_to_camera": [
        [
          -0.9761770963668823,
          -0.21697504818439484,
          -7.450580596923828e-09,
          -2.552723117332789e-07
        ],
        [
          0.04229995235800743,
          -0.19030876457691193,
          0.9808126091957092,
          -2.1980605424687383e-07
        ],
        [
          -0.21281185746192932,
          0.957446813583374,
          0.1949530839920044,
          -13.957679748535156
        ],
        [
          0.0,
          0.0,
          -0.0,
          1.0
        ]
      ],
      "camera_to_world": [
        [
          -0.9761771559715271,
          0.04229994863271713,
          -0.21281185746192932,
          -2.970360279083252
        ],
        [
          -0.21697504818439484,
          -0.19030874967575073,
          0.957446813583374,
          13.363737106323242
        ],
        [
          -8.243503657467954e-09,
          0.9808125495910645,
          0.1949530988931656,
          2.72109317779541
        ],
        [
          0.0,
          0.0,
          0.0,
          1.0
        ]
      ]
    },
    {
      "image_id": 3,
      "file_name": "0002.png",
      "camera_id": 1,
      "camera_center_world": [
        0.4926130175590515,
        12.769793510437012,
        -5.613071441650391
      ],
      "quaternion_wxyz_world_to_camera": [
        0.016141032800078392,
        0.010539807379245758,
        0.546639084815979,
        -0.8371464014053345
      ],
      "translation_world_to_camera": [
        -4.552676386992971e-07,
        4.701643661064736e-07,
        13.957682609558105
      ],
      "world_to_camera": [
        [
          -0.9992568492889404,
          0.038547761738300323,
          -8.661301365009422e-08,
          -4.552676386992971e-07
        ],
        [
          -0.01550187449902296,
          -0.4018504321575165,
          -0.9155741333961487,
          4.701643661064736e-07
        ],
        [
          -0.03529336676001549,
          -0.9148936867713928,
          0.40214934945106506,
          13.957682609558105
        ],
        [
          0.0,
          0.0,
          0.0,
          1.0
        ]
      ],
      "blender_world_to_camera": [
        [
          -0.9992568492889404,
          0.038547761738300323,
          -8.661301365009422e-08,
          -4.552676386992971e-07
        ],
        [
          0.01550187449902296,
          0.4018504321575165,
          0.9155741333961487,
          -4.701643661064736e-07
        ],
        [
          0.03529336676001549,
          0.9148936867713928,
          -0.40214934945106506,
          -13.957682609558105
        ],
        [
          -0.0,
          0.0,
          0.0,
          1.0
        ]
      ],
      "camera_to_world": [
        [
          -0.9992566704750061,
          0.015501873567700386,
          0.03529335930943489,
          0.4926130175590515
        ],
        [
          0.03854775428771973,
          0.4018504321575165,
          0.9148935675621033,
          12.769793510437012
        ],
        [
          -8.74227694680485e-08,
          0.9155740737915039,
          -0.4021492898464203,
          -5.613071441650391
        ],
        [
          0.0,
          0.0,
          0.0,
          1.0
        ]
      ]
    },
    {
      "image_id": 4,
      "file_name": "0003.png",
      "camera_id": 1,
      "camera_center_world": [
        4.151923179626465,
        12.175848960876465,
        5.4154486656188965
      ],
      "quaternion_wxyz_world_to_camera": [
        0.09048723429441452,
        0.1362704038619995,
        0.8218428492546082,
        -0.54572594165802
      ],
      "translation_world_to_camera": [
        2.5161006078633363e-07,
        9.795876394491643e-07,
        13.957680702209473
      ],
      "world_to_camera": [
        [
          -0.9464848637580872,
          0.3227481245994568,
          -7.450581485102248e-09,
          2.5161006078633363e-07
        ],
        [
          0.12522324919700623,
          0.3672272264957428,
          -0.9216634631156921,
          9.795876394491643e-07
        ],
        [
          -0.29746511578559875,
          -0.8723404407501221,
          -0.3879905343055725,
          13.957680702209473
        ],
        [
          0.0,
          0.0,
          0.0,
          1.0
        ]
      ],
      "blender_world_to_camera": [
        [
          -0.9464848637580872,
          0.3227481245994568,
          -7.450581485102248e-09,
          2.5161006078633363e-07
        ],
        [
          -0.12522324919700623,
          -0.3672272264957428,
          0.9216634631156921,
          -9.795876394491643e-07
        ],
        [
          0.29746511578559875,
          0.8723404407501221,
          0.3879905343055725,
          -13.957680702209473
        ],
        [
          -0.0,
          -0.0,
          -0.0,
          1.0
        ]
      ],
      "camera_to_world": [
        [
          -0.9464849233627319,
          -0.12522320449352264,
          0.29746511578559875,
          4.151923179626465
        ],
        [
          0.3227481245994568,
          -0.36722713708877563,
          0.8723404407501221,
          12.175848960876465
        ],
        [
          -1.2010547223439971e-08,
          0.9216632843017578,
          0.3879905343055725,
          5.4154486656188965
        ],
        [
          0.0,
          0.0,
          0.0,
          1.0
        ]
      ]
    },
    {
      "image_id": 5,
      "file_name": "0004.png",
      "camera_id": 1,
      "camera_center_world": [
        -7.670426368713379,
        11.581905364990234,
        -1.3567904233932495
      ],
      "quaternion_wxyz_world_to_camera": [
        0.21355704963207245,
        0.19371511042118073,
        -0.6433278322219849,
        0.7092229127883911
      ],
      "translation_world_to_camera": [
        9.553018571750727e-07,
        9.59015551416087e-07,
        13.957680702209473
      ],
      "world_to_camera": [
        [
          -0.8337356448173523,
          -0.5521637797355652,
          2.2351741790771484e-08,
          9.553018571750727e-07
        ],
        [
          0.053674448281526566,
          -0.08104538917541504,
          -0.9952641725540161,
          9.59015551416087e-07
        ],
        [
          0.5495488047599792,
          -0.8297872543334961,
          0.09720750898122787,
          13.957680702209473
        ],
        [
          0.0,
          0.0,
          0.0,
          1.0
        ]
      ],
      "blender_world_to_camera": [
        [
          -0.8337356448173523,
          -0.5521637797355652,
          2.2351741790771484e-08,
          9.553018571750727e-07
        ],
        [
          -0.053674448281526566,
          0.08104538917541504,
          0.9952641725540161,
          -9.59015551416087e-07
        ],
        [
          -0.5495488047599792,
          0.8297872543334961,
          -0.09720750898122787,
          -13.957680702209473
        ],
        [
          0.0,
          0.0,
          -0.0,
          1.0
        ]
      ],
      "camera_to_world": [
        [
          -0.8337357044219971,
          -0.05367444455623627,
          -0.5495488047599792,
          -7.670426368713379
        ],
        [
          -0.5521637797355652,
          0.08104537427425385,
          0.8297871947288513,
          11.581905364990234
        ],
        [
          2.1309684683501473e-08,
          0.9952641129493713,
          -0.09720750898122787,
          -1.3567904233932495
        ],
        [
          0.0,
          0.0,
          0.0,
          1.0
        ]
      ]
    },
    {
      "image_id": 6,
      "file_name": "0005.png",
      "camera_id": 1,
      "camera_center_world": [
        7.262256145477295,
        10.987961769104004,
        -4.61965274810791
      ],
      "quaternion_wxyz_world_to_camera": [
        0.23484303057193756,
        0.16649970412254333,
        0.5538862347602844,
        -0.7812404632568359
      ],
      "translation_world_to_camera": [
        9.66889501796686e-07,
        9.910831977322232e-07,
        13.957679748535156
      ],
      "world_to_camera": [
        [
          -0.8342533111572266,
          0.5513815879821777,
          0.0,
          9.66889501796686e-07
        ],
        [
          -0.1824939101934433,
          -0.27611759305000305,
          -0.9436392784118652,
          9.910831977322232e-07
        ],
        [
          -0.5203052163124084,
          -0.7872340679168701,
          0.3309757113456726,
          13.957679748535156
        ],
        [
          0.0,
          0.0,
          0.0,
          1.0
        ]
      ],
      "blender_world_to_camera": [
        [
          -0.8342533111572266,
          0.5513815879821777,
          0.0,
          9.66889501796686e-07
        ],
        [
          0.1824939101934433,
          0.27611759305000305,
          0.9436392784118652,
          -9.910831977322232e-07
        ],
        [
          0.5203052163124084,
          0.7872340679168701,
          -0.3309757113456726,
          -13.957679748535156
        ],
        [
          -0.0,
          -0.0,
          -0.0,
          1.0
        ]
      ],
      "camera_to_world": [
        [
          -0.8342531323432922,
          0.1824938952922821,
          0.5203052759170532,
          7.262256145477295
        ],
        [
          0.5513814687728882,
          0.27611756324768066,
          0.7872340679168701,
          10.987961769104004
        ],
        [
          1.906261370976381e-09,
          0.9436392188072205,
          -0.330975741147995,
          -4.61965274810791
        ],
        [
          0.0,
          0.0,
          0.0,
          1.0
        ]
      ]
    },
    {
      "image_id": 7,
      "file_name": "0006.png",
      "camera_id": 1,
      "camera_center_world": [
        -2.418381690979004,
        10.394017219543457,
        8.996259689331055
      ],
      "quaternion_wxyz_world_to_camera": [
        0.04808258265256882,
        0.10342209786176682,
        -0.9008734822273254,
        0.41883042454719543
      ],
      "translation_world_to_camera": [
        0.0,
        0.0,
        13.957681655883789
      ],
      "world_to_camera": [
        [
          -0.9739838242530823,
          -0.22661735117435455,
          7.450581485102248e-09,
          0.0
        ],
        [
          -0.14606356620788574,
          0.6277698874473572,
          -0.764572024345398,
          0.0
        ],
        [
          0.17326530814170837,
          -0.7446808815002441,
          -0.6445383429527283,
          13.957681655883789
        ],
        [
          0.0,
          0.0,
          0.0,
          1.0
        ]
      ],
      "blender_world_to_camera": [
        [
          -0.9739838242530823,
          -0.22661735117435455,
          7.450581485102248e-09,
          -0.0
        ],
        [
          0.14606356620788574,
          -0.6277698874473572,
          0.764572024345398,
          0.0
        ],
        [
          -0.17326530814170837,
          0.7446808815002441,
          0.6445383429527283,
          -13.957681655883789
        ],
        [
          0.0,
          0.0,
          -0.0,
          1.0
        ]
      ],
      "camera_to_world": [
        [
          -0.973983883857727,
          0.14606356620788574,
          -0.173265278339386,
          -2.418381690979004
        ],
        [
          -0.22661735117435455,
          -0.6277698874473572,
          0.7446807622909546,
          10.394017219543457
        ],
        [
          -5.4983657626905824e-09,
          0.764572024345398,
          0.6445382237434387,
          8.996259689331055
        ],
        [
          0.0,
          0.0,
          0.0,
          1.0
        ]
      ]
    },
    {
      "image_id": 8,
      "file_name": "0007.png",
      "camera_id": 1,
      "camera_center_world": [
        -4.5807623863220215,
        9.800073623657227,
        -8.819978713989258
      ],
      "quaternion_wxyz_world_to_camera": [
        0.19591346383094788,
        0.0930451825261116,
        -0.41879379749298096,
        0.8818005919456482
      ],
      "translation_world_to_camera": [
        -9.815947805691394e-07,
        1.3687415503227385e-06,
        13.957680702209473
      ],
      "world_to_camera": [
        [
          -0.9059210419654846,
          -0.42344674468040466,
          -8.94069742685133e-08,
          -9.815947805691394e-07
        ],
        [
          0.26757973432540894,
          -0.5724593997001648,
          -0.7750428915023804,
          1.3687415503227385e-06
        ],
        [
          0.32818928360939026,
          -0.7021276354789734,
          0.6319087147712708,
          13.957680702209473
        ],
        [
          0.0,
          0.0,
          0.0,
          1.0
        ]
      ],
      "blender_world_to_camera": [
        [
          -0.9059210419654846,
          -0.42344674468040466,
          -8.94069742685133e-08,
          -9.815947805691394e-07
        ],
        [
          -0.26757973432540894,
          0.5724593997001648,
          0.7750428915023804,
          -1.3687415503227385e-06
        ],
        [
          -0.32818928360939026,
          0.7021276354789734,
          -0.6319087147712708,
          -13.957680702209473
        ],
        [
          -0.0,
          0.0,
          -0.0,
          1.0
        ]
      ],
      "camera_to_world": [
        [
          -0.9059209823608398,
          -0.26757970452308655,
          -0.32818928360939026,
          -4.5807623863220215
        ],
        [
          -0.4234466850757599,
          0.57245934009552,
          0.7021276354789734,
          9.800073623657227
        ],
        [
          -8.74227694680485e-08,
          0.7750428318977356,
          -0.6319087147712708,
          -8.819978713989258
        ],
        [
          0.0,
          0.0,
          0.0,
          1.0
        ]
      ]
    },
    {
      "image_id": 9,
      "file_name": "0008.png",
      "camera_id": 1,
      "camera_center_world": [
        9.854551315307617,
        9.206130027770996,
        3.5988664627075195
      ],
      "quaternion_wxyz_world_to_camera": [
        0.24265141785144806,
        0.3158983886241913,
        0.7274124622344971,
        -0.5587482452392578
      ],
      "translation_world_to_camera": [
        5.416897010945831e-07,
        -6.854233447484148e-07,
        13.957679748535156
      ],
      "world_to_camera": [
        [
          -0.68265700340271,
          0.7307389378547668,
          -7.450580596923828e-09,
          5.416897010945831e-07
        ],
        [
          0.18841469287872314,
          0.17601720988750458,
          -0.9661872386932373,
          -6.854233447484148e-07
        ],
        [
          -0.7060306072235107,
          -0.6595745086669922,
          -0.2578412890434265,
          13.957679748535156
        ],
        [
          0.0,
          0.0,
          0.0,
          1.0
        ]
      ],
      "blender_world_to_camera": [
        [
          -0.68265700340271,
          0.7307389378547668,
          -7.450580596923828e-09,
          5.416897010945831e-07
        ],
        [
          -0.18841469287872314,
          -0.17601720988750458,
          0.9661872386932373,
          6.854233447484148e-07
        ],
        [
          0.7060306072235107,
          0.6595745086669922,
          0.2578412890434265,
          -13.957679748535156
        ],
        [
          -0.0,
          0.0,
          -0.0,
          1.0
        ]
      ],
      "camera_to_world": [
        [
          -0.68265700340271,
          -0.18841469287872314,
          0.7060306668281555,
          9.854551315307617
        ],
        [
          0.7307389378547668,
          -0.1760171800851822,
          0.6595745086669922,
          9.206130027770996
        ],
        [
          1.1691255963341973e-08,
          0.9661872386932373,
          0.2578413486480713,
          3.5988664627075195
        ],
        [
          0.0,
          0.0,
          0.0,
          1.0
        ]
      ]
    },
    {
      "image_id": 10,
      "file_name": "0009.png",
      "camera_id": 1,
      "camera_center_world": [
        -10.152962684631348,
        8.612186431884766,
        4.190995693206787
      ],
      "quaternion_wxyz_world_to_camera": [
        0.2485443502664566,
        0.33880728483200073,
        -0.731670618057251,
        0.5367434024810791
      ],
      "translation_world_to_camera": [
        -2.5057129278138746e-06,
        -9.090896355701261e-07,
        13.957681655883789
      ],
      "world_to_camera": [
        [
          -0.6468707323074341,
          -0.7625997066497803,
          -4.470348358154297e-08,
          -2.5057129278138746e-06
        ],
        [
          -0.2289816290140152,
          0.19423235952854156,
          -0.9538560509681702,
          -9.090896355701261e-07
        ],
        [
          0.7274103760719299,
          -0.6170214414596558,
          -0.3002645671367645,
          13.957681655883789
        ],
        [
          0.0,
          0.0,
          0.0,
          1.0
        ]
      ],
      "blender_world_to_camera": [
        [
          -0.6468707323074341,
          -0.7625997066497803,
          -4.470348358154297e-08,
          -2.5057129278138746e-06
        ],
        [
          0.2289816290140152,
          -0.19423235952854156,
          0.9538560509681702,
          9.090896355701261e-07
        ],
        [
          -0.7274103760719299,
          0.6170214414596558,
          0.3002645671367645,
          -13.957681655883789
        ],
        [
          0.0,
          0.0,
          -0.0,
          1.0
        ]
      ],
      "camera_to_world": [
        [
          -0.6468706727027893,
          0.2289816290140152,
          -0.7274103164672852,
          -10.152962684631348
        ],
        [
          -0.762599766254425,
          -0.19423235952854156,
          0.6170214414596558,
          8.612186431884766
        ],
        [
          -4.5265650783221645e-08,
          0.9538559913635254,
          0.30026453733444214,
          4.190995693206787
        ],
        [
          0.0,
          0.0,
          0.0,
          1.0
        ]
      ]
    },
    {
      "image_id": 11,
      "file_name": "0010.png",
      "camera_id": 1,
      "camera_center_world": [
        4.842329502105713,
        8.018241882324219,
        -10.347777366638184
      ],
      "quaternion_wxyz_world_to_camera": [
        0.25036847591400146,
        0.09648852795362473,
        0.3464187979698181,
        -0.8988879919052124
      ],
      "translation_world_to_camera": [
        -1.427980350854341e-06,
        -8.483082325483338e-08,
        13.957681655883789
      ],
      "world_to_camera": [
        [
          -0.8560112714767456,
          0.5169573426246643,
          -8.940698137394065e-08,
          -1.427980350854341e-06
        ],
        [
          -0.3832555115222931,
          -0.6346193552017212,
          -0.6710987687110901,
          -8.483082325483338e-08
        ],
        [
          -0.3469294309616089,
          -0.5744680166244507,
          0.7413679957389832,
          13.957681655883789
        ],
        [
          0.0,
          0.0,
          0.0,
          1.0
        ]
      ],
      "blender_world_to_camera": [
        [
          -0.8560112714767456,
          0.5169573426246643,
          -8.940698137394065e-08,
          -1.427980350854341e-06
        ],
        [
          0.3832555115222931,
          0.6346193552017212,
          0.6710987687110901,
          8.483082325483338e-08
        ],
        [
          0.3469294309616089,
          0.5744680166244507,
          -0.7413679957389832,
          -13.957681655883789
        ],
        [
          -0.0,
          0.0,
          0.0,
          1.0
        ]
      ],
      "camera_to_world": [
        [
          -0.856011152267456,
          0.3832555115222931,
          0.3469294607639313,
          4.842329502105713
        ],
        [
          0.5169572234153748,
          0.6346192955970764,
          0.5744680166244507,
          8.018241882324219
        ],
        [
          -8.74227694680485e-08,
          0.6710987687110901,
          -0.7413679361343384,
          -10.347777366638184
        ],
        [
          0.0,
          0.0,
          0.0,
          1.0
        ]
      ]
    },
    {
      "image_id": 12,
      "file_name": "0011.png",
      "camera_id": 1,
      "camera_center_world": [
        3.5373358726501465,
        7.424298286437988,
        11.277584075927734
      ],
      "quaternion_wxyz_world_to_camera": [
        0.06831918656826019,
        0.20963869988918304,
        0.9273853898048401,
        -0.30222582817077637
      ],
      "translation_world_to_camera": [
        6.12390806509211e-07,
        8.609468977738288e-07,
        13.957681655883789
      ],
      "world_to_camera": [
        [
          -0.9027683138847351,
          0.43012744188308716,
          -1.4901162970204496e-08,
          6.12390806509211e-07
        ],
        [
          0.3475360572338104,
          0.7294223308563232,
          -0.5892043709754944,
          8.609468977738288e-07
        ],
        [
          -0.2534329295158386,
          -0.5319149494171143,
          -0.8079841136932373,
          13.957681655883789
        ],
        [
          0.0,
          0.0,
          0.0,
          1.0
        ]
      ],
      "blender_world_to_camera": [
        [
          -0.9027683138847351,
          0.43012744188308716,
          -1.4901162970204496e-08,
          6.12390806509211e-07
        ],
        [
          -0.3475360572338104,
          -0.7294223308563232,
          0.5892043709754944,
          -8.609468977738288e-07
        ],
        [
          0.2534329295158386,
          0.5319149494171143,
          0.8079841136932373,
          -13.957681655883789
        ],
        [
          -0.0,
          -0.0,
          -0.0,
          1.0
        ]
      ],
      "camera_to_world": [
        [
          -0.9027681350708008,
          -0.3475360870361328,
          0.25343289971351624,
          3.5373358726501465
        ],
        [
          0.43012735247612,
          -0.7294223308563232,
          0.5319149494171143,
          7.424298286437988
        ],
        [
          -1.8823616443341962e-08,
          0.5892043113708496,
          0.8079840540885925,
          11.277584075927734
        ],
        [
          0.0,
          0.0,
          0.0,
          1.0
        ]
      ]
    },
    {
      "image_id": 13,
      "file_name": "0012.png",
      "camera_id": 1,
      "camera_center_world": [
        -10.531547546386719,
        6.8303542137146,
        -6.103246688842773
      ],
      "quaternion_wxyz_world_to_camera": [
        0.40472009778022766,
        0.2532425820827484,
        -0.466083824634552,
        0.7448729276657104
      ],
      "translation_world_to_camera": [
        -1.5653936316084582e-06,
        1.8597214648252702e-06,
        13.957681655883789
      ],
      "world_to_camera": [
        [
          -0.5441396832466125,
          -0.8389947414398193,
          2.980232594040899e-08,
          -1.5653936316084582e-06
        ],
        [
          0.3668655455112457,
          -0.2379349023103714,
          -0.8993312120437622,
          1.8597214648252702e-06
        ],
        [
          0.7545341849327087,
          -0.4893617630004883,
          0.43726807832717896,
          13.957681655883789
        ],
        [
          0.0,
          0.0,
          0.0,
          1.0
        ]
      ],
      "blender_world_to_camera": [
        [
          -0.5441396832466125,
          -0.8389947414398193,
          2.980232594040899e-08,
          -1.5653936316084582e-06
        ],
        [
          -0.3668655455112457,
          0.2379349023103714,
          0.8993312120437622,
          -1.8597214648252702e-06
        ],
        [
          -0.7545341849327087,
          0.4893617630004883,
          -0.43726807832717896,
          -13.957681655883789
        ],
        [
          0.0,
          0.0,
          -0.0,
          1.0
        ]
      ],
      "camera_to_world": [
        [
          -0.544139564037323,
          -0.3668655455112457,
          -0.7545340657234192,
          -10.531547546386719
        ],
        [
          -0.8389946222305298,
          0.2379349172115326,
          0.4893617331981659,
          6.8303542137146
        ],
        [
          3.190964648069894e-08,
          0.8993312120437622,
          -0.43726804852485657,
          -6.103246688842773
        ],
        [
          0.0,
          0.0,
          0.0,
          1.0
        ]
      ]
    },
    {
      "image_id": 14,
      "file_name": "0013.png",
      "camera_id": 1,
      "camera_center_world": [
        12.195706367492676,
        6.236410617828369,
        -2.6811916828155518
      ],
      "quaternion_wxyz_world_to_camera": [
        0.40291091799736023,
        0.33169126510620117,
        0.5421565771102905,
        -0.6585665941238403
      ],
      "translation_world_to_camera": [
        -1.9343819985806476e-06,
        -6.368239269249898e-07,
        13.957681655883789
      ],
      "world_to_camera": [
        [
          -0.45528748631477356,
          0.890344500541687,
          -2.2351741790771484e-08,
          -1.9343819985806476e-06
        ],
        [
          -0.17103010416030884,
          -0.08745815604925156,
          -0.9813764691352844,
          -6.368239269249898e-07
        ],
        [
          -0.8737631440162659,
          -0.446808397769928,
          0.19209431111812592,
          13.957681655883789
        ],
        [
          0.0,
          0.0,
          0.0,
          1.0
        ]
      ],
      "blender_world_to_camera": [
        [
          -0.45528748631477356,
          0.890344500541687,
          -2.2351741790771484e-08,
          -1.9343819985806476e-06
        ],
        [
          0.17103010416030884,
          0.08745815604925156,
          0.9813764691352844,
          6.368239269249898e-07
        ],
        [
          0.8737631440162659,
          0.446808397769928,
          -0.19209431111812592,
          -13.957681655883789
        ],
        [
          -0.0,
          0.0,
          0.0,
          1.0
        ]
      ],
      "camera_to_world": [
        [
          -0.45528745651245117,
          0.17103010416030884,
          0.8737631440162659,
          12.195706367492676
        ],
        [
          0.890344500541687,
          0.08745814859867096,
          0.446808397769928,
          6.236410617828369
        ],
        [
          -2.313817937249496e-08,
          0.9813764691352844,
          -0.19209431111812592,
          -2.6811916828155518
        ],
        [
          0.0,
          0.0,
          0.0,
          1.0
        ]
      ]
    },
    {
      "image_id": 15,
      "file_name": "0014.png",
      "camera_id": 1,
      "camera_center_world": [
        -7.342297554016113,
        5.6424665451049805,
        10.443662643432617
      ],
      "quaternion_wxyz_world_to_camera": [
        0.15680664777755737,
        0.41320857405662537,
        -0.8386760354042053,
        0.3182653486728668
      ],
      "translation_world_to_camera": [
        -3.1634843367100984e-07,
        2.9898568972182293e-16,
        13.957681655883789
      ],
      "world_to_camera": [
        [
          -0.6093406677246094,
          -0.7929085493087769,
          1.4901161193847656e-08,
          -3.1634843367100984e-07
        ],
        [
          -0.5932840704917908,
          0.4559316337108612,
          -0.6634307503700256,
          2.9898568972182293e-16
        ],
        [
          0.5260398983955383,
          -0.40425533056259155,
          -0.7482377290725708,
          13.957681655883789
        ],
        [
          0.0,
          0.0,
          0.0,
          1.0
        ]
      ],
      "blender_world_to_camera": [
        [
          -0.6093406677246094,
          -0.7929085493087769,
          1.4901161193847656e-08,
          -3.1634843367100984e-07
        ],
        [
          0.5932840704917908,
          -0.4559316337108612,
          0.6634307503700256,
          -2.9898568972182293e-16
        ],
        [
          -0.5260398983955383,
          0.40425533056259155,
          0.7482377290725708,
          -13.957681655883789
        ],
        [
          0.0,
          0.0,
          -0.0,
          1.0
        ]
      ],
      "camera_to_world": [
        [
          -0.6093406677246094,
          0.5932840704917908,
          -0.5260398983955383,
          -7.342297554016113
        ],
        [
          -0.7929085493087769,
          -0.4559316337108612,
          0.40425533056259155,
          5.6424665451049805
        ],
        [
          -6.270184371715004e-10,
          0.6634307503700256,
          0.748237669467926,
          10.443662643432617
        ],
        [
          0.0,
          0.0,
          0.0,
          1.0
        ]
      ]
    },
    {
      "image_id": 16,
      "file_name": "0015.png",
      "camera_id": 1,
      "camera_center_world": [
        -1.672265648841858,
        5.04852294921875,
        -12.90475845336914
      ],
      "quaternion_wxyz_world_to_camera": [
        0.15621891617774963,
        0.0309284720569849,
        -0.19173367321491241,
        0.9684406518936157
      ],
      "translation_world_to_camera": [
        -1.227950178872561e-06,
        3.748388337498909e-07,
        13.957683563232422
      ],
      "world_to_camera": [
        [
          -0.9492781758308411,
          -0.3144375681877136,
          -8.195640077701682e-08,
          -1.227950178872561e-06
        ],
        [
          0.2907174527645111,
          -0.8776678442955017,
          -0.3810286223888397,
          3.748388337498909e-07
        ],
        [
          0.11980964243412018,
          -0.36170220375061035,
          0.9245634078979492,
          13.957683563232422
        ],
        [
          0.0,
          0.0,
          0.0,
          1.0
        ]
      ],
      "blender_world_to_camera": [
        [
          -0.9492781758308411,
          -0.3144375681877136,
          -8.195640077701682e-08,
          -1.227950178872561e-06
        ],
        [
          -0.2907174527645111,
          0.8776678442955017,
          0.3810286223888397,
          -3.748388337498909e-07
        ],
        [
          -0.11980964243412018,
          0.36170220375061035,
          -0.9245634078979492,
          -13.957683563232422
        ],
        [
          -0.0,
          0.0,
          -0.0,
          1.0
        ]
      ],
      "camera_to_world": [
        [
          -0.9492781758308411,
          -0.2907174229621887,
          -0.11980961263179779,
          -1.672265648841858
        ],
        [
          -0.31443753838539124,
          0.8776676654815674,
          0.3617021143436432,
          5.04852294921875
        ],
        [
          -8.742277657347586e-08,
          0.38102859258651733,
          -0.9245631694793701,
          -12.90475845336914
        ],
        [
          0.0,
          0.0,
          0.0,
          1.0
        ]
      ]
    },
    {
      "image_id": 17,
      "file_name": "0016.png",
      "camera_id": 1,
      "camera_center_world": [
        10.114591598510742,
        4.454578876495361,
        8.524588584899902
      ],
      "quaternion_wxyz_world_to_camera": [
        0.24102076888084412,
        0.49028775095939636,
        0.7516586184501648,
        -0.36950811743736267
      ],
      "translation_world_to_camera": [
        -5.26716064541688e-07,
        -6.285811195994029e-07,
        13.957682609558105
      ],
      "world_to_camera": [
        [
          -0.40305382013320923,
          0.9151763319969177,
          -1.4901162970204496e-08,
          -5.26716064541688e-07
        ],
        [
          0.5589397549629211,
          0.2461632490158081,
          -0.7918270826339722,
          -6.285811195994029e-07
        ],
        [
          -0.7246614098548889,
          -0.3191489279270172,
          -0.6107454895973206,
          13.957682609558105
        ],
        [
          0.0,
          0.0,
          0.0,
          1.0
        ]
      ],
      "blender_world_to_camera": [
        [
          -0.40305382013320923,
          0.9151763319969177,
          -1.4901162970204496e-08,
          -5.26716064541688e-07
        ],
        [
          -0.5589397549629211,
          -0.2461632490158081,
          0.7918270826339722,
          6.285811195994029e-07
        ],
        [
          0.7246614098548889,
          0.3191489279270172,
          0.6107454895973206,
          -13.957682609558105
        ],
        [
          -0.0,
          0.0,
          -0.0,
          1.0
        ]
      ],
      "camera_to_world": [
        [
          -0.40305379033088684,
          -0.5589396953582764,
          0.7246613502502441,
          10.114591598510742
        ],
        [
          0.915176272392273,
          -0.2461632341146469,
          0.3191488981246948,
          4.454578876495361
        ],
        [
          3.81273501659507e-09,
          0.7918270826339722,
          0.610745370388031,
          8.524588584899902
        ],
        [
          0.0,
          0.0,
          0.0,
          1.0
        ]
      ]
    },
    {
      "image_id": 18,
      "file_name": "0017.png",
      "camera_id": 1,
      "camera_center_world": [
        -13.401686668395996,
        3.8606350421905518,
        0.5542018413543701
      ],
      "quaternion_wxyz_world_to_camera": [
        0.4166747033596039,
        0.4335610568523407,
        -0.5760883092880249,
        0.5536509156227112
      ],
      "translation_world_to_camera": [
        -1.1930549135286128e-06,
        1.5024822914710967e-06,
        13.957679748535156
      ],
      "world_to_camera": [
        [
          -0.2768141031265259,
          -0.9609235525131226,
          1.341104507446289e-07,
          -1.1930549135286128e-06
        ],
        [
          -0.0381542332470417,
          0.010990984737873077,
          -0.9992113709449768,
          1.5024822914710967e-06
        ],
        [
          0.9601656794548035,
          -0.276595801115036,
          -0.039705757051706314,
          13.957679748535156
        ],
        [
          0.0,
          0.0,
          0.0,
          1.0
        ]
      ],
      "blender_world_to_camera": [
        [
          -0.2768141031265259,
          -0.9609235525131226,
          1.341104507446289e-07,
          -1.1930549135286128e-06
        ],
        [
          0.0381542332470417,
          -0.010990984737873077,
          0.9992113709449768,
          -1.5024822914710967e-06
        ],
        [
          -0.9601656794548035,
          0.276595801115036,
          0.039705757051706314,
          -13.957679748535156
        ],
        [
          -0.0,
          0.0,
          -0.0,
          1.0
        ]
      ],
      "camera_to_world": [
        [
          -0.2768141031265259,
          0.0381542332470417,
          -0.9601657390594482,
          -13.401686668395996
        ],
        [
          -0.960923433303833,
          -0.010990985669195652,
          0.2765958309173584,
          3.8606350421905518
        ],
        [
          1.3444639535009628e-07,
          0.9992114305496216,
          0.03970576077699661,
          0.5542018413543701
        ],
        [
          0.0,
          0.0,
          0.0,
          1.0
        ]
      ]
    },
    {
      "image_id": 19,
      "file_name": "0018.png",
      "camera_id": 1,
      "camera_center_world": [
        9.6188325881958,
        3.266691207885742,
        -9.572023391723633
      ],
      "quaternion_wxyz_world_to_camera": [
        0.5347151756286621,
        0.23085086047649384,
        0.322200745344162,
        -0.7463070750236511
      ],
      "translation_world_to_camera": [
        -1.2520350765043986e-06,
        2.7942339784203796e-06,
        13.957680702209473
      ],
      "world_to_camera": [
        [
          -0.32157501578330994,
          0.9468840956687927,
          4.470348713425665e-08,
          -1.2520350765043986e-06
        ],
        [
          -0.6493628621101379,
          -0.22053262591362,
          -0.7278003692626953,
          2.7942339784203796e-06
        ],
        [
          -0.6891425848007202,
          -0.2340424358844757,
          0.685789167881012,
          13.957680702209473
        ],
        [
          0.0,
          0.0,
          0.0,
          1.0
        ]
      ],
