[{"id": 0, "img_name": "0000.png", "width": 512, "height": 512, "position": [-1.5473665630166176e-14, 13.99497366170577, -5.775636507114449e-07], "rotation": [[-1.0000000684570807, 2.9923544145766533e-15, 8.742278582883015e-08], [-8.742278582883016e-08, -3.4228542234509265e-08, -1.0000000342285382], [-2.9923544145766533e-15, -1.0000000342285422, -3.4228542234509265e-08]], "fy": 711.111111111111, "fx": 711.111111111111}, {"id": 1, "img_name": "0001.png", "width": 512, "height": 512, "position": [-2.9782965843982185, 13.399442708282413, 2.728364006958473], "rotation": [[-0.9761770836508514, -0.04229996289985528, 0.21281185056060797], [-0.21697504603147236, 0.19030885879332154, -0.9574467682805562], [-1.0600639452175932e-08, -0.980812519205333, -0.19495313053534052]], "fy": 711.111111111111, "fx": 711.111111111111}, {"id": 2, "img_name": "0002.png", "width": 512, "height": 512, "position": [0.49392919224072745, 12.803911469070712, -5.628070396134842], "rotation": [[-0.999256675942566, -0.01550187133525398, -0.03529336048320712], [0.03854775361916437, -0.40185045299175853, -0.9148935279755102], [-9.26092965415548e-08, -0.9155740214890682, 0.40214942677070753]], "fy": 711.111111111111, "fx": 711.111111111111}, {"id": 3, "img_name": "0003.png", "width": 512, "height": 512, "position": [4.1630169055697905, 12.208381946423868, 5.42991778634567], "rotation": [[-0.9464849181132131, 0.1252231516636538, -0.29746512759206184], [0.3227481058750616, 0.36722702871115176, -0.8723405198438854], [8.793204695057964e-09, -0.92166343352379, -0.3879903914688606]], "fy": 711.111111111111, "fx": 711.111111111111}, {"id": 4, "img_name": "0004.png", "width": 512, "height": 512, "position": [-7.6909203237566715, 11.612850125574953, -1.3604154072152854], "rotation": [[-0.8337356715706887, 0.053674400312189216, 0.5495487967491833], [-0.5521637630788025, -0.08104538649425223, -0.8297872130526727], [6.488529205270818e-08, -0.9952641352697243, 0.09720749336300351]], "fy": 711.111111111111, "fx": 711.111111111111}, {"id": 5, "img_name": "0005.png", "width": 512, "height": 512, "position": [7.281658704531379, 11.017319277441757, -4.63199641778435], "rotation": [[-0.834253170009698, -0.18249394326924792, -0.5203052226735208], [0.5513815050138163, -0.27611757365195005, -0.7872340584794769], [2.0014464719129843e-08, -0.9436392253247052, 0.33097580228255447]], "fy": 711.111111111111, "fx": 711.111111111111}, {"id": 6, "img_name": "0006.png", "width": 512, "height": 512, "position": [-2.4248430212059833, 10.421788714991102, 9.020296232243036], "rotation": [[-0.9739838301108119, -0.14606354954062378, 0.17326527897913757], [-0.22661733694517866, 0.6277699055506369, -0.744680812801223], [-1.4603059696786926e-09, -0.7645720174411359, -0.6445382552124623]], "fy": 711.111111111111, "fx": 711.111111111111}, {"id": 7, "img_name": "0007.png", "width": 512, "height": 512, "position": [-4.593001180218959, 9.82625736366813, -8.84354441785926], "rotation": [[-0.9059209868970769, 0.2675797023034494, 0.3281892622994813], [-0.4234466778396932, -0.5724593216037779, -0.7021276044983364], [-8.634841876139344e-08, -0.7750428148736317, 0.6319087120251334]], "fy": 711.111111111111, "fx": 711.111111111111}, {"id": 8, "img_name": "0008.png", "width": 512, "height": 512, "position": [9.88088246632885, 9.230728620482248, 3.6084826615177534], "rotation": [[-0.6826570349221032, 0.18841467787052968, -0.706030693433533], [0.730738962220633, 0.17601722551198515, -0.6595745097662674], [5.721293531920163e-08, -0.9661872872293674, -0.2578413650476211]], "fy": 711.111111111111, "fx": 711.111111111111}, {"id": 9, "img_name": "0009.png", "width": 512, "height": 512, "position": [-10.180089882403914, 8.635197132751006, 4.2021921973577525], "rotation": [[-0.6468706206020999, -0.22898159631569068, 0.7274102588517896], [-0.7625996696393917, 0.19423234905518938, -0.6170214485397432], [-1.5239162176414696e-08, -0.9538559391443293, -0.30026443947352294]], "fy": 711.111111111111, "fx": 711.111111111111}, {"id": 10, "img_name": "0010.png", "width": 512, "height": 512, "position": [4.855268040101599, 8.039665070792175, -10.375425629106475], "rotation": [[-0.8560111502584161, -0.3832556187719357, -0.3469293468213339], [0.5169572912786252, -0.6346192393975202, -0.5744680310153345], [5.597962379053045e-08, -0.671098718777282, 0.7413679922636702]], "fy": 711.111111111111, "fx": 711.111111111111}, {"id": 11, "img_name": "0011.png", "width": 512, "height": 512, "position": [3.5467874012719034, 7.444135758911439, 11.30771523062758], "rotation": [[-0.9027681583062827, 0.34753606428180034, -0.2534328960676304], [0.43012736344681546, 0.7294223071517391, -0.531914969066397], [-3.4020950964617056e-08, -0.5892043509056355, -0.8079839939442754]], "fy": 711.111111111111, "fx": 711.111111111111}, {"id": 12, "img_name": "0012.png", "width": 512, "height": 512, "position": [-10.559686472004417, 6.848603468316367, -6.119552860202537], "rotation": [[-0.5441395598308895, 0.36686563356956087, 0.7545341316562046], [-0.838994725209025, -0.23793476483998524, -0.4893617336585894], [-1.0360542738647262e-07, -0.899331230528281, 0.4372680428057003]], "fy": 711.111111111111, "fx": 711.111111111111}, {"id": 13, "img_name": "0013.png", "width": 512, "height": 512, "position": [12.228290542552243, 6.253074869254079, -2.6883542087011323], "rotation": [[-0.4552875651139012, -0.17102998500077435, -0.8737628785710615], [0.8903442164343798, -0.08745794032546948, -0.4468086604769607], [5.392954966336124e-08, -0.9813763534169755, 0.19209431465367377]], "fy": 711.111111111111, "fx": 711.111111111111}, {"id": 14, "img_name": "0014.png", "width": 512, "height": 512, "position": [-7.361915134412213, 5.657542118776305, 10.471566790122901], "rotation": [[-0.6093407112981726, -0.5932840219124764, 0.5260399531984897], [-0.7929085464400738, 0.45593166327774726, -0.40425533705087724], [-4.926605782953614e-08, -0.663430787569574, -0.7482377036863318]], "fy": 711.111111111111, "fx": 711.111111111111}, {"id": 15, "img_name": "0015.png", "width": 512, "height": 512, "position": [-1.676734124890836, 5.062012590785566, -12.939240516419432], "rotation": [[-0.9492781292131051, 0.29071741827111985, 0.11980962632708966], [-0.3144375356837299, -0.8776676695220705, -0.3617021302579198], [-7.182952011665728e-08, -0.3810285784475344, 0.924563258903706]], "fy": 711.111111111111, "fx": 711.111111111111}, {"id": 16, "img_name": "0016.png", "width": 512, "height": 512, "position": [10.141614307089721, 4.466480215773793, 8.547366681440948], "rotation": [[-0.40305381214167674, 0.558939754974246, -0.7246612493013112], [0.9151762540241108, 0.2461633678868689, -0.31914885911632324], [5.6042639013262744e-08, -0.791826951116331, -0.6107454655622844]], "fy": 711.111111111111, "fx": 711.111111111111}, {"id": 17, "img_name": "0017.png", "width": 512, "height": 512, "position": [-13.437493342011212, 3.8709498982860393, 0.5556811337531454], "rotation": [[-0.2768139874604449, -0.03815413253039069, 0.9601656280100651], [-0.960923394991022, 0.01099099093884122, -0.2765958008825931], [1.9336187461765187e-07, -0.9992113241340934, -0.03970554080937396]], "fy": 711.111111111111, "fx": 711.111111111111}, {"id": 18, "img_name": "0018.png", "width": 512, "height": 512, "position": [9.644533724797942, 3.2754191534921997, -9.597600075395228], "rotation": [[-0.321575047638574, -0.6493626741254629, -0.6891426732935384], [0.9468841041550631, -0.22053263799555956, -0.23404244373385796], [-1.9890810008973482e-08, -0.727800446292169, 0.6857889723874654]], "fy": 711.111111111111, "fx": 711.111111111111}, {"id": 19, "img_name": "0019.png", "width": 512, "height": 512, "position": [-0.6344853293481966, 2.6798887013997663, 13.721330342640774], "rotation": [[-0.9730985814311977, -0.22588412830970778, 0.04533664732647627], [-0.23038891252193935, 0.9540716763286629, -0.19148938114480513], [1.973179472292427e-09, -0.19678311584591232, -0.9804469925206191]], "fy": 711.111111111111, "fx": 711.111111111111}, {"id": 20, "img_name": "0020.png", "width": 512, "height": 512, "position": [-8.86670129355076, 2.084357559671482, -10.625270237911671], "rotation": [[-0.22883908413433932, 0.7390740647975087, 0.6335631979819129], [-0.9734643286188658, -0.173739310565386, -0.1489361365266841], [-3.495896122381323e-08, -0.6508335413917774, 0.7592204725862364]], "fy": 711.111111111111, "fx": 711.111111111111}, {"id": 21, "img_name": "0021.png", "width": 512, "height": 512, "position": [13.791281097410334, 1.4888267307022591, 1.8555973740754739], "rotation": [[-0.10733063267989612, 0.13182442428781319, -0.9854453253525671], [0.9942233994923074, 0.014230981541074099, -0.10638298864973961], [-7.39887750738504e-09, -0.9911709386040721, -0.13259036173364694]], "fy": 711.111111111111, "fx": 711.111111111111}, {"id": 22, "img_name": "0022.png", "width": 512, "height": 512, "position": [-11.464464195804224, 0.8932964487428824, 7.976675208843248], "rotation": [[-0.07768315494166343, -0.5682448013438592, 0.8191843794576142], [-0.9969780347638941, 0.04427690683543283, -0.06382979164089508], [4.457089872868623e-08, -0.8216673839506314, -0.5699671281086977]], "fy": 711.111111111111, "fx": 711.111111111111}, {"id": 23, "img_name": "0023.png", "width": 512, "height": 512, "position": [3.0709410702694466, 0.2977655466230501, -13.650638448671831], "rotation": [[-0.096509709042078, -0.9708426167388328, -0.21943170574995344], [0.9953319345648657, -0.09413516941082563, -0.021276613624995534], [-1.9170232643633407e-08, -0.22046080779966568, 0.9753958311246885]], "fy": 711.111111111111, "fx": 711.111111111111}, {"id": 24, "img_name": "0024.png", "width": 512, "height": 512, "position": [6.956457828481405, -0.2977651974319509, 12.139947167177155], "rotation": [[0.042764969022825866, 0.8666569149466549, -0.4970683172119998], [0.9990851416174811, -0.03709645304452659, 0.021276574947490523], [9.650588352066967e-09, -0.4975234714236759, -0.8674504728015656]], "fy": 711.111111111111, "fx": 711.111111111111}, {"id": 25, "img_name": "0025.png", "width": 512, "height": 512, "position": [-13.305719805917686, -0.8932959353496225, -4.244887678898759], "rotation": [[0.06698524441601371, 0.3026339122021336, 0.9507499995265278], [-0.9977539007262469, 0.020317555191479708, 0.06382956515093971], [1.419765630573694e-07, -0.9528902218970611, 0.30331522790912036]], "fy": 711.111111111111, "fx": 711.111111111111}, {"id": 26, "img_name": "0026.png", "width": 512, "height": 512, "position": [12.632417015064082, -1.4888264733827308, -5.836496452430982], "rotation": [[0.11704752115128665, -0.4141756893076602, -0.9026395871796384], [0.9931262386813129, 0.048813724479850815, 0.10638294401076939], [-1.0666329819168761e-07, -0.9088869869902502, 0.41704237750222944]], "fy": 711.111111111111, "fx": 711.111111111111}, {"id": 27, "img_name": "0027.png", "width": 512, "height": 512, "position": [-5.342654458662834, -2.084358275193127, 12.766000506047279], "rotation": [[0.3634544289401131, -0.8498021880900749, 0.38175531463995044], [-0.9316119788509181, -0.3315375441206758, 0.1489361605056664], [-5.592897540002915e-08, -0.40977933105759984, -0.9121846868953323]], "fy": 711.111111111111, "fx": 711.111111111111}, {"id": 28, "img_name": "0028.png", "width": 512, "height": 512, "position": [-4.648977849884258, -2.6798880253773523, -12.925342457642312], "rotation": [[0.4994127083878367, 0.800148267143058, 0.3321891556228198], [-0.8663641754628596, 0.46124277019212057, 0.1914893091112093], [1.3124229535760395e-08, -0.38342899031931593, 0.9235703545966545]], "fy": 711.111111111111, "fx": 711.111111111111}, {"id": 29, "img_name": "0029.png", "width": 512, "height": 512, "position": [12.044138394542992, -3.275418783485886, 6.3300596186464935], "rotation": [[0.2624202585164193, 0.43645763142141025, -0.8606046258542116], [0.9649536704255013, -0.1186950495521278, 0.2340424448689177], [8.968029936293409e-08, -0.8918610811342089, -0.4523093730291903]], "fy": 711.111111111111, "fx": 711.111111111111}, {"id": 30, "img_name": "0030.png", "width": 512, "height": 512, "position": [-13.00475989968325, -3.8709496463180453, 3.428012749064979], "rotation": [[0.285286430685161, -0.23476651179662456, 0.929244996589987], [-0.9584422667791055, -0.06987977924278732, 0.2765956025552316], [9.835690990112001e-08, -0.9695366888573154, -0.24494587269678866]], "fy": 711.111111111111, "fx": 711.111111111111}, {"id": 31, "img_name": "0031.png", "width": 512, "height": 512, "position": [7.173185578279464, -4.46648180754621, -11.155951400303122], "rotation": [[0.5285720346779128, -0.6766828811200924, -0.5125542918456167], [0.8488884636336783, 0.4213459112194528, 0.31914890472188756], [6.54125993948638e-08, -0.6037946053705167, 0.7971399393651566]], "fy": 711.111111111111, "fx": 711.111111111111}, {"id": 32, "img_name": "0032.png", "width": 512, "height": 512, "position": [2.2099223260496577, -5.062010173727328, 12.85890757672044], "rotation": [[0.9164699990836986, 0.36762438526571717, -0.1579083381614068], [0.4001034015137755, -0.8420740324965941, 0.36170208201924936], [-1.3919119521284216e-08, -0.39466877175418486, -0.9188233544544965]], "fy": 711.111111111111, "fx": 711.111111111111}, {"id": 33, "img_name": "0033.png", "width": 512, "height": 512, "position": [-10.120331452754312, -5.657542017995707, -7.837754000413207], "rotation": [[0.48795695174901477, 0.48884141325342456, 0.723140448617093], [-0.8728677080392702, 0.2732758089666794, 0.40425527631234726], [-8.639119667631709e-08, -0.8284651090133462, 0.5600406971624821]], "fy": 711.111111111111, "fx": 711.111111111111}, {"id": 34, "img_name": "0034.png", "width": 512, "height": 512, "position": [12.477571461679752, -6.253074488928276, -1.0337413641992683], "rotation": [[0.4480323566834683, -0.06603676211139035, -0.8915750915935192], [0.8940173364650951, 0.03309408573384624, 0.4468084231635554], [7.332568715918785e-08, -0.9972682241803805, 0.07386523647702709]], "fy": 711.111111111111, "fx": 711.111111111111}, {"id": 35, "img_name": "0035.png", "width": 512, "height": 512, "position": [-8.287994008586946, -6.848605502790649, 8.959078735486452], "rotation": [[0.6369920325445909, -0.4934834653012019, 0.5922121467610975], [-0.7708703894281247, -0.4077793371259574, 0.48936170811967217], [-4.0429437799906676e-08, -0.768238314681837, -0.6401639810860928]], "fy": 711.111111111111, "fx": 711.111111111111}, {"id": 36, "img_name": "0036.png", "width": 512, "height": 512, "position": [0.057812041574686696, -7.444134261839303, -11.850770746700201], "rotation": [[0.9999698450603287, -0.006576056459795713, -0.0041309137227093905], [0.007765884801288876, 0.8467622482176312, 0.5319148140283714], [-2.821563764790142e-10, -0.5319308543702098, 0.8467877830530582]], "fy": 711.111111111111, "fx": 711.111111111111}, {"id": 37, "img_name": "0037.png", "width": 512, "height": 512, "position": [7.69662114540073, -8.039665568363747, 8.484401288670922], "rotation": [[0.7223497986716593, 0.4192362748361842, -0.5499561157605024], [0.6915278616230135, -0.4379220590661618, 0.5744680710733635], [-4.558361978152739e-08, -0.7952768662202668, -0.6062464788139839]], "fy": 711.111111111111, "fx": 711.111111111111}, {"id": 38, "img_name": "0038.png", "width": 512, "height": 512, "position": [-10.966297592063704, -8.635197063350615, -1.0163535372233008], "rotation": [[0.6186548787672794, 0.05705691737520546, 0.7835882955355745], [-0.7856628467228851, 0.04492841036055375, 0.6170212706506866], [-1.1696705205967601e-08, -0.9973594464062265, 0.07262269769470334]], "fy": 711.111111111111, "fx": 711.111111111111}, {"id": 39, "img_name": "0039.png", "width": 512, "height": 512, "position": [8.379143269212568, -9.230726742417097, -6.359472437182362], "rotation": [[0.7404360095657053, -0.3054219411956133, -0.598725274092137], [0.6721268600497945, 0.33646247479177016, 0.6595744747383205], [7.130592293383343e-08, -0.890792030477951, 0.45441122233902265]], "fy": 711.111111111111, "fx": 711.111111111111}, {"id": 40, "img_name": "0040.png", "width": 512, "height": 512, "position": [-1.783595944218394, -9.826259196969563, 9.804221166948897], "rotation": [[0.9839226769538791, -0.12511523142277203, 0.12744545926357997], [-0.17859497815134268, -0.6892898911233136, 0.7021277138300482], [-6.427865958092621e-09, -0.7136004986090713, -0.7005529069602707]], "fy": 711.111111111111, "fx": 711.111111111111}, {"id": 41, "img_name": "0041.png", "width": 512, "height": 512, "position": [-4.974822006101242, -10.421787924460888, -7.905487268756767], "rotation": [[0.9024545363052913, 0.2433421518343488, 0.35547208845410655], [-0.43078510713497636, 0.5097789762141254, 0.7446808578056506], [4.754463148498954e-08, -0.8251727005009809, 0.5648805256199813]], "fy": 711.111111111111, "fx": 711.111111111111}, {"id": 42, "img_name": "0042.png", "width": 512, "height": 512, "position": [8.323151697604889, -11.017320725649856, 2.281030159522434], "rotation": [[0.7979038040207268, 0.09824744864665816, -0.5947242765887526], [0.6027848093056036, -0.13004976871054333, 0.7872341261364443], [-2.3048019341885538e-10, -0.9866278601974636, -0.16298927760937465]], "fy": 711.111111111111, "fx": 711.111111111111}, {"id": 43, "img_name": "0043.png", "width": 512, "height": 512, "position": [-6.948728349735362, -11.612849826826414, 3.5659719273354002], "rotation": [[0.85811111735594, -0.13083256780158103, 0.4965160044241684], [-0.5134640235176116, -0.2186498365341314, 0.8297872540196584], [-4.203010054769894e-08, -0.9669927763860617, -0.2548036696662101]], "fy": 711.111111111111, "fx": 711.111111111111}, {"id": 44, "img_name": "0044.png", "width": 512, "height": 512, "position": [2.378438426682466, -12.20837996987731, -6.415431852728882], "rotation": [[0.9815462237998345, -0.08765944023593494, -0.1699495027469717], [0.19122502698763144, 0.4499504867515869, 0.8723402779374471], [2.876659053070495e-09, -0.8887409037486265, 0.45840987969951597]], "fy": 711.111111111111, "fx": 711.111111111111}, {"id": 45, "img_name": "0045.png", "width": 512, "height": 512, "position": [2.13017847505814, -12.803913055697247, 5.232729416266762], "rotation": [[0.9864414450111952, 0.0613621938592598, -0.15221023956457855], [0.16411360657644317, -0.368831090311341, 0.9148936447330529], [1.4253567670031383e-08, -0.9274687801760424, -0.3739006447271564]], "fy": 711.111111111111, "fx": 711.111111111111}, {"id": 46, "img_name": "0046.png", "width": 512, "height": 512, "position": [-3.6499442568797713, -13.399443280057904, -1.7297762531502803], "rotation": [[0.9648450983267083, 0.03248440036161914, 0.26080394855039235], [-0.26281920752930044, 0.11925461597273647, 0.9574468084375698], [1.216312657557924e-08, -0.9923321473008744, 0.12359975625254667]], "fy": 711.111111111111, "fx": 711.111111111111}, {"id": 47, "img_name": "0047.png", "width": 512, "height": 512, "position": [0.0, -13.99497366170571, -1.5356187384335252e-06], "rotation": [[1.0, 0.0, 0.0], [0.0, 3.422854412188872e-08, 1.0000000342285418], [-0.0, -1.0000000342285418, 3.422854412188871e-08]], "fy": 711.111111111111, "fx": 711.111111111111}]