{
  "camera_model": "PINHOLE",
  "intrinsics": {
    "width": 512,
    "height": 512,
    "fx": 711.1111111111111,
    "fy": 711.1111111111111,
    "cx": 256.0,
    "cy": 256.0
  },
  "images": [
    {
      "image_id": 1,
      "file_name": "0000.png",
      "camera_id": 1,
      "camera_center_world": [
        0.0,
        14.052408218383789,
        0.0
      ],
      "quaternion_wxyz_world_to_camera": [
        3.0908619663705394e-08,
        3.0908619663705394e-08,
        -0.7071067690849304,
        0.7071067690849304
      ],
      "translation_world_to_camera": [
        1.2285005368539714e-06,
        -1.0609272749206866e-06,
        14.052408218383789
      ],
      "world_to_camera": [
        [
          -1.0,
          -8.742277657347586e-08,
          0.0,
          1.2285005368539714e-06
        ],
        [
          -6.6002361555513294e-15,
          7.549790126404332e-08,
          -1.0,
          -1.0609272749206866e-06
        ],
        [
          8.742277657347586e-08,
          -1.0,
          -7.549790126404332e-08,
          14.052408218383789
        ],
        [
          0.0,
          0.0,
          0.0,
          1.0
        ]
      ],
      "blender_world_to_camera": [
        [
          -1.0,
          -8.742277657347586e-08,
          0.0,
          1.2285005368539714e-06
        ],
        [
          6.6002361555513294e-15,
          -7.549790126404332e-08,
          1.0,
          1.0609272749206866e-06
        ],
        [
          -8.742277657347586e-08,
          1.0,
          7.549790126404332e-08,
          -14.052408218383789
        ],
        [
          -0.0,
          0.0,
          -0.0,
          1.0
        ]
      ],
      "camera_to_world": [
        [
          -1.0,
          6.6002361555513294e-15,
          -8.742277657347586e-08,
          0.0
        ],
        [
          -8.742277657347586e-08,
          -7.549790126404332e-08,
          1.0,
          14.052408218383789
        ],
        [
          0.0,
          1.0,
          7.549790126404332e-08,
          0.0
        ],
        [
          0.0,
          0.0,
          0.0,
          1.0
        ]
      ]
    },
    {
      "image_id": 2,
      "file_name": "0001.png",
      "camera_id": 1,
      "camera_center_world": [
        -8.289446830749512,
        8.431445121765137,
        7.593812465667725
      ],
      "quaternion_wxyz_world_to_camera": [
        0.18156813085079193,
        0.3324004113674164,
        -0.8122228980064392,
        0.4436631202697754
      ],
      "translation_world_to_camera": [
        2.298480410445336e-07,
        2.3630020677956054e-06,
        14.052409172058105
      ],
      "world_to_camera": [
        [
          -0.713085949420929,
          -0.7010766267776489,
          4.4703490686970326e-08,
          2.298480410445336e-07
        ],
        [
          -0.378856360912323,
          0.38534605503082275,
          -0.8414134979248047,
          2.3630020677956054e-06
        ],
        [
          0.5898952484130859,
          -0.6000000238418579,
          -0.5403921008110046,
          14.052409172058105
        ],
        [
          0.0,
          0.0,
          0.0,
          1.0
        ]
      ],
      "blender_world_to_camera": [
        [
          -0.713085949420929,
          -0.7010766267776489,
          4.4703490686970326e-08,
          2.298480410445336e-07
        ],
        [
          0.378856360912323,
          -0.38534605503082275,
          0.8414134979248047,
          -2.3630020677956054e-06
        ],
        [
          -0.5898952484130859,
          0.6000000238418579,
          0.5403921008110046,
          -14.052409172058105
        ],
        [
          -0.0,
          0.0,
          -0.0,
          1.0
        ]
      ],
      "camera_to_world": [
        [
          -0.713085949420929,
          0.37885624170303345,
          -0.5898951888084412,
          -8.289446830749512
        ],
        [
          -0.7010766267776489,
          -0.3853459656238556,
          0.6000000834465027,
          8.431445121765137
        ],
        [
          4.472809322919602e-08,
          0.8414132595062256,
          0.5403921008110046,
          7.593812465667725
        ],
        [
          0.0,
          0.0,
          0.0,
          1.0
        ]
      ]
    },
    {
      "image_id": 3,
      "file_name": "0002.png",
      "camera_id": 1,
      "camera_center_world": [
        1.2037204504013062,
        2.8104817867279053,
        -13.715773582458496
      ],
      "quaternion_wxyz_world_to_camera": [
        0.19974510371685028,
        0.021992843598127365,
        0.10721084475517273,
        -0.973716676235199
      ],
      "translation_world_to_camera": [
        1.4278405160439434e-06,
        7.794145062689495e-08,
        14.052409172058105
      ],
      "world_to_camera": [
        [
          -0.9192363619804382,
          0.39370599389076233,
          8.940696716308594e-08,
          1.4278405160439434e-06
        ],
        [
          -0.3842744827270508,
          -0.8972154259681702,
          -0.21757186949253082,
          7.794145062689495e-08
        ],
        [
          -0.08565927296876907,
          -0.20000003278255463,
          0.9760443568229675,
          14.052409172058105
        ],
        [
          0.0,
          0.0,
          0.0,
          1.0
        ]
      ],
      "blender_world_to_camera": [
        [
          -0.9192363619804382,
          0.39370599389076233,
          8.940696716308594e-08,
          1.4278405160439434e-06
        ],
        [
          0.3842744827270508,
          0.8972154259681702,
          0.21757186949253082,
          -7.794145062689495e-08
        ],
        [
          0.08565927296876907,
          0.20000003278255463,
          -0.9760443568229675,
          -14.052409172058105
        ],
        [
          -0.0,
          -0.0,
          -0.0,
          1.0
        ]
      ],
      "camera_to_world": [
        [
          -0.919236421585083,
          0.38427451252937317,
          0.08565926551818848,
          1.2037204504013062
        ],
        [
          0.39370599389076233,
          0.8972154855728149,
          0.20000001788139343,
          2.8104817867279053
        ],
        [
          8.742277657347586e-08,
          0.21757188439369202,
          -0.976044237613678,
          -13.715773582458496
        ],
        [
          0.0,
          0.0,
          0.0,
          1.0
        ]
      ]
    },
    {
      "image_id": 4,
      "file_name": "0003.png",
      "camera_id": 1,
      "camera_center_world": [
        8.377285957336426,
        -2.8104817867279053,
        10.92668628692627
      ],
      "quaternion_wxyz_world_to_camera": [
        0.27073127031326294,
        0.765334963798523,
        0.550495982170105,
        -0.194733664393425
      ],
      "translation_world_to_camera": [
        1.1793019183414799e-07,
        4.520743743796629e-07,
        14.052410125732422
      ],
      "world_to_camera": [
        [
          0.31806594133377075,
          0.9480684995651245,
          -1.4901161193847656e-08,
          1.1793019183414799e-07
        ],
        [
          0.7371866106987,
          -0.24731752276420593,
          -0.6288003921508789,
          4.520743743796629e-07
        ],
        [
          -0.5961459279060364,
          0.20000001788139343,
          -0.7775668501853943,
          14.052410125732422
        ],
        [
          0.0,
          0.0,
          0.0,
          1.0
        ]
      ],
      "blender_world_to_camera": [
        [
          0.31806594133377075,
          0.9480684995651245,
          -1.4901161193847656e-08,
          1.1793019183414799e-07
        ],
        [
          -0.7371866106987,
          0.24731752276420593,
          0.6288003921508789,
          -4.520743743796629e-07
        ],
        [
          0.5961459279060364,
          -0.20000001788139343,
          0.7775668501853943,
          -14.052410125732422
        ],
        [
          -0.0,
          0.0,
          -0.0,
          1.0
        ]
      ],
      "camera_to_world": [
        [
          0.3180660009384155,
          -0.7371866106987,
          0.5961458683013916,
          8.377285957336426
        ],
        [
          0.9480686783790588,
          0.24731753766536713,
          -0.19999998807907104,
          -2.8104817867279053
        ],
        [
          -1.0867272415282514e-08,
          0.6288003921508789,
          0.77756667137146,
          10.92668628692627
        ],
        [
          0.0,
          0.0,
          0.0,
          1.0
        ]
      ]
    },
    {
      "image_id": 5,
      "file_name": "0004.png",
      "camera_id": 1,
      "camera_center_world": [
        -11.070076942443848,
        -8.431445121765137,
        -1.9581407308578491
      ],
      "quaternion_wxyz_world_to_camera": [
        0.6763297915458679,
        0.5878211259841919,
        -0.29119327664375305,
        0.3350384533405304
      ],
      "translation_world_to_camera": [
        4.75334928751181e-07,
        -1.670650959795239e-07,
        14.052410125732422
      ],
      "world_to_camera": [
        [
          0.6059114336967468,
          -0.7955321669578552,
          -1.4901162970204496e-08,
          4.75334928751181e-07
        ],
        [
          0.11085385829210281,
          0.08443108201026917,
          -0.9902439117431641,
          -1.670650959795239e-07
        ],
        [
          0.7877708673477173,
          0.6000000834465027,
          0.13934555649757385,
          14.052410125732422
        ],
        [
          0.0,
          0.0,
          0.0,
          1.0
        ]
      ],
      "blender_world_to_camera": [
        [
          0.6059114336967468,
          -0.7955321669578552,
          -1.4901162970204496e-08,
          4.75334928751181e-07
        ],
        [
          -0.11085385829210281,
          -0.08443108201026917,
          0.9902439117431641,
          1.670650959795239e-07
        ],
        [
          -0.7877708673477173,
          -0.6000000834465027,
          -0.13934555649757385,
          -14.052410125732422
        ],
        [
          -0.0,
          0.0,
          -0.0,
          1.0
        ]
      ],
      "camera_to_world": [
        [
          0.6059114336967468,
          -0.11085384339094162,
          -0.7877707481384277,
          -11.070076942443848
        ],
        [
          -0.7955321073532104,
          -0.08443106710910797,
          -0.6000000238418579,
          -8.431445121765137
        ],
        [
          -1.44027900716992e-08,
          0.9902437925338745,
          -0.13934554159641266,
          -1.9581407308578491
        ],
        [
          0.0,
          0.0,
          0.0,
          1.0
        ]
      ]
    },
    {
      "image_id": 6,
      "file_name": "0005.png",
      "camera_id": 1,
      "camera_center_world": [
        0.0,
        -14.052408218383789,
        0.0
      ],
      "quaternion_wxyz_world_to_camera": [
        0.7071067690849304,
        0.7071067690849304,
        0.0,
        0.0
      ],
      "translation_world_to_camera": [
        0.0,
        -1.0609272749206866e-06,
        14.052408218383789
      ],
      "world_to_camera": [
        [
          1.0,
          0.0,
          0.0,
          0.0
        ],
        [
          0.0,
          -7.549790126404332e-08,
          -1.0,
          -1.0609272749206866e-06
        ],
        [
          0.0,
          1.0,
          -7.549790126404332e-08,
          14.052408218383789
        ],
        [
          0.0,
          0.0,
          0.0,
          1.0
        ]
      ],
      "blender_world_to_camera": [
        [
          1.0,
          -0.0,
          0.0,
          -0.0
        ],
        [
          -0.0,
          7.549790126404332e-08,
          1.0,
          1.0609272749206866e-06
        ],
        [
          0.0,
          -1.0,
          7.549790126404332e-08,
          -14.052408218383789
        ],
        [
          -0.0,
          0.0,
          -0.0,
          1.0
        ]
      ],
      "camera_to_world": [
        [
          1.0,
          0.0,
          0.0,
          0.0
        ],
        [
          0.0,
          7.549790126404332e-08,
          -1.0,
          -14.052408218383789
        ],
        [
          0.0,
          1.0,
          7.549790126404332e-08,
          0.0
        ],
        [
          0.0,
          0.0,
          0.0,
          1.0
        ]
      ]
    }
  ]
}