{
  "camera_model": "PINHOLE",
  "intrinsics": {
    "width": 512,
    "height": 512,
    "fx": 711.1111111111111,
    "fy": 711.1111111111111,
    "cx": 256.0,
    "cy": 256.0
  },
  "images": [
    {
      "image_id": 1,
      "file_name": "0000.png",
      "camera_id": 1,
      "camera_center_world": [
        0.0,
        13.994973182678223,
        0.0
      ],
      "quaternion_wxyz_world_to_camera": [
        3.0908619663705394e-08,
        3.0908619663705394e-08,
        -0.7071067690849304,
        0.7071067690849304
      ],
      "translation_world_to_camera": [
        1.2234794439791585e-06,
        -1.0565911452431465e-06,
        13.994973182678223
      ],
      "world_to_camera": [
        [
          -1.0,
          -8.742277657347586e-08,
          0.0,
          1.2234794439791585e-06
        ],
        [
          -6.6002361555513294e-15,
          7.549790126404332e-08,
          -1.0,
          -1.0565911452431465e-06
        ],
        [
          8.742277657347586e-08,
          -1.0,
          -7.549790126404332e-08,
          13.994973182678223
        ],
        [
          0.0,
          0.0,
          0.0,
          1.0
        ]
      ],
      "blender_world_to_camera": [
        [
          -1.0,
          -8.742277657347586e-08,
          0.0,
          1.2234794439791585e-06
        ],
        [
          6.6002361555513294e-15,
          -7.549790126404332e-08,
          1.0,
          1.0565911452431465e-06
        ],
        [
          -8.742277657347586e-08,
          1.0,
          7.549790126404332e-08,
          -13.994973182678223
        ],
        [
          -0.0,
          0.0,
          -0.0,
          1.0
        ]
      ],
      "camera_to_world": [
        [
          -1.0,
          6.6002361555513294e-15,
          -8.742277657347586e-08,
          0.0
        ],
        [
          -8.742277657347586e-08,
          -7.549790126404332e-08,
          1.0,
          13.994973182678223
        ],
        [
          0.0,
          1.0,
          7.549790126404332e-08,
          0.0
        ],
        [
          0.0,
          0.0,
          0.0,
          1.0
        ]
      ]
    },
    {
      "image_id": 2,
      "file_name": "0001.png",
      "camera_id": 1,
      "camera_center_world": [
        -2.9782965183258057,
        13.399442672729492,
        2.728363513946533
      ],
      "quaternion_wxyz_world_to_camera": [
        0.06924325972795486,
        0.08436111360788345,
        -0.768348753452301,
        0.630657434463501
      ],
      "translation_world_to_camera": [
        -2.451872092024132e-07,
        -1.2932721560332539e-08,
        13.994974136352539
      ],
      "world_to_camera": [
        [
          -0.9761770963668823,
          -0.21697504818439484,
          3.725290298461914e-09,
          -2.451872092024132e-07
        ],
        [
          -0.042299963533878326,
          0.19030876457691193,
          -0.9808126091957092,
          -1.2932721560332539e-08
        ],
        [
          0.21281185746192932,
          -0.957446813583374,
          -0.1949530988931656,
          13.994974136352539
        ],
        [
          0.0,
          0.0,
          0.0,
          1.0
        ]
      ],
      "blender_world_to_camera": [
        [
          -0.9761770963668823,
          -0.21697504818439484,
          3.725290298461914e-09,
          -2.451872092024132e-07
        ],
        [
          0.042299963533878326,
          -0.19030876457691193,
          0.9808126091957092,
          1.2932721560332539e-08
        ],
        [
          -0.21281185746192932,
          0.957446813583374,
          0.1949530988931656,
          -13.994974136352539
        ],
        [
          -0.0,
          0.0,
          -0.0,
          1.0
        ]
      ],
      "camera_to_world": [
        [
          -0.9761771559715271,
          0.04229995980858803,
          -0.21281185746192932,
          -2.9782965183258057
        ],
        [
          -0.21697504818439484,
          -0.19030874967575073,
          0.957446813583374,
          13.399442672729492
        ],
        [
          3.2057836385490646e-09,
          0.9808125495910645,
          0.1949530988931656,
          2.728363513946533
        ],
        [
          0.0,
          0.0,
          0.0,
          1.0
        ]
      ]
    },
    {
      "image_id": 3,
      "file_name": "0002.png",
      "camera_id": 1,
      "camera_center_world": [
        0.4939292073249817,
        12.803912162780762,
        -5.628068447113037
      ],
      "quaternion_wxyz_world_to_camera": [
        0.016141032800078392,
        0.010539809241890907,
        0.5466390252113342,
        -0.8371464610099792
      ],
      "translation_world_to_camera": [
        -4.825538439945376e-07,
        4.701643376847642e-07,
        13.994974136352539
      ],
      "world_to_camera": [
        [
          -0.9992567896842957,
          0.038547761738300323,
          -8.754432911928234e-08,
          -4.825538439945376e-07
        ],
        [
          -0.015501875430345535,
          -0.4018504321575165,
          -0.9155741333961487,
          4.701643376847642e-07
        ],
        [
          -0.03529336676001549,
          -0.914893627166748,
          0.40214934945106506,
          13.994974136352539
        ],
        [
          0.0,
          0.0,
          0.0,
          1.0
        ]
      ],
      "blender_world_to_camera": [
        [
          -0.9992567896842957,
          0.038547761738300323,
          -8.754432911928234e-08,
          -4.825538439945376e-07
        ],
        [
          0.015501875430345535,
          0.4018504321575165,
          0.9155741333961487,
          -4.701643376847642e-07
        ],
        [
          0.03529336676001549,
          0.914893627166748,
          -0.40214934945106506,
          -13.994974136352539
        ],
        [
          -0.0,
          0.0,
          0.0,
          1.0
        ]
      ],
      "camera_to_world": [
        [
          -0.9992567300796509,
          0.015501873567700386,
          0.03529336303472519,
          0.4939292073249817
        ],
        [
          0.038547758013010025,
          0.4018504321575165,
          0.914893627166748,
          12.803912162780762
        ],
        [
          -8.742277657347586e-08,
          0.9155740737915039,
          -0.4021493196487427,
          -5.628068447113037
        ],
        [
          0.0,
          0.0,
          0.0,
          1.0
        ]
      ]
    },
    {
      "image_id": 4,
      "file_name": "0003.png",
      "camera_id": 1,
      "camera_center_world": [
        4.163016319274902,
        12.208380699157715,
        5.429917812347412
      ],
      "quaternion_wxyz_world_to_camera": [
        0.09048723429441452,
        0.13627035915851593,
        0.8218427896499634,
        -0.5457260012626648
      ],
      "translation_world_to_camera": [
        4.753774476284889e-07,
        2.487443452992011e-06,
        13.994974136352539
      ],
      "world_to_camera": [
        [
          -0.9464849233627319,
          0.3227480947971344,
          -7.450581485102248e-09,
          4.753774476284889e-07
        ],
        [
          0.12522317469120026,
          0.36722704768180847,
          -0.9216634035110474,
          2.487443452992011e-06
        ],
        [
          -0.29746514558792114,
          -0.8723405599594116,
          -0.38799047470092773,
          13.994974136352539
        ],
        [
          0.0,
          0.0,
          0.0,
          1.0
        ]
      ],
      "blender_world_to_camera": [
        [
          -0.9464849233627319,
          0.3227480947971344,
          -7.450581485102248e-09,
          4.753774476284889e-07
        ],
        [
          -0.12522317469120026,
          -0.36722704768180847,
          0.9216634035110474,
          -2.487443452992011e-06
        ],
        [
          0.29746514558792114,
          0.8723405599594116,
          0.38799047470092773,
          -13.994974136352539
        ],
        [
          -0.0,
          -0.0,
          -0.0,
          1.0
        ]
      ],
      "camera_to_world": [
        [
          -0.9464848637580872,
          -0.12522317469120026,
          0.29746508598327637,
          4.163016319274902
        ],
        [
          0.3227480947971344,
          -0.36722707748413086,
          0.8723404407501221,
          12.208380699157715
        ],
        [
          -1.2236287538769375e-09,
          0.9216634035110474,
          0.38799038529396057,
          5.429917812347412
        ],
        [
          0.0,
          0.0,
          0.0,
          1.0
        ]
      ]
    },
    {
      "image_id": 5,
      "file_name": "0004.png",
      "camera_id": 1,
      "camera_center_world": [
        -7.690920352935791,
        11.612850189208984,
        -1.3604155778884888
      ],
      "quaternion_wxyz_world_to_camera": [
        0.21355703473091125,
        0.1937151402235031,
        -0.6433278322219849,
        0.7092229127883911
      ],
      "translation_world_to_camera": [
        4.74324394872383e-07,
        8.596264251536923e-07,
        13.994973182678223
      ],
      "world_to_camera": [
        [
          -0.8337355256080627,
          -0.5521637201309204,
          3.7252898543727042e-09,
          4.74324394872383e-07
        ],
        [
          0.05367446318268776,
          -0.08104537427425385,
          -0.9952641725540161,
          8.596264251536923e-07
        ],
        [
          0.5495488047599792,
          -0.8297872543334961,
          0.09720750898122787,
          13.994973182678223
        ],
        [
          0.0,
          0.0,
          0.0,
          1.0
        ]
      ],
      "blender_world_to_camera": [
        [
          -0.8337355256080627,
          -0.5521637201309204,
          3.7252898543727042e-09,
          4.74324394872383e-07
        ],
        [
          -0.05367446318268776,
          0.08104537427425385,
          0.9952641725540161,
          -8.596264251536923e-07
        ],
        [
          -0.5495488047599792,
          0.8297872543334961,
          -0.09720750898122787,
          -13.994973182678223
        ],
        [
          0.0,
          0.0,
          -0.0,
          1.0
        ]
      ],
      "camera_to_world": [
        [
          -0.8337358236312866,
          -0.05367446318268776,
          -0.5495488047599792,
          -7.690920352935791
        ],
        [
          -0.55216383934021,
          0.08104536682367325,
          0.8297871947288513,
          11.612850189208984
        ],
        [
          1.7319480571931223e-10,
          0.9952641129493713,
          -0.09720750898122787,
          -1.3604155778884888
        ],
        [
          0.0,
          0.0,
          0.0,
          1.0
        ]
      ]
    },
    {
      "image_id": 6,
      "file_name": "0005.png",
      "camera_id": 1,
      "camera_center_world": [
        7.2816596031188965,
        11.017319679260254,
        -4.631995677947998
      ],
      "quaternion_wxyz_world_to_camera": [
        0.23484303057193756,
        0.16649970412254333,
        0.5538862347602844,
        -0.7812404632568359
      ],
      "translation_world_to_camera": [
        1.032721002047765e-06,
        1.1225428124816972e-06,
        13.994973182678223
      ],
      "world_to_camera": [
        [
          -0.8342533111572266,
          0.5513815879821777,
          0.0,
          1.032721002047765e-06
        ],
        [
          -0.1824939101934433,
          -0.27611759305000305,
          -0.9436392784118652,
          1.1225428124816972e-06
        ],
        [
          -0.5203052163124084,
          -0.7872340679168701,
          0.3309757113456726,
          13.994973182678223
        ],
        [
          0.0,
          0.0,
          0.0,
          1.0
        ]
      ],
      "blender_world_to_camera": [
        [
          -0.8342533111572266,
          0.5513815879821777,
          0.0,
          1.032721002047765e-06
        ],
        [
          0.1824939101934433,
          0.27611759305000305,
          0.9436392784118652,
          -1.1225428124816972e-06
        ],
        [
          0.5203052163124084,
          0.7872340679168701,
          -0.3309757113456726,
          -13.994973182678223
        ],
        [
          -0.0,
          -0.0,
          -0.0,
          1.0
        ]
      ],
      "camera_to_world": [
        [
          -0.8342531323432922,
          0.1824938952922821,
          0.5203052759170532,
          7.2816596031188965
        ],
        [
          0.5513814687728882,
          0.27611756324768066,
          0.7872340679168701,
          11.017319679260254
        ],
        [
          1.906261370976381e-09,
          0.9436392188072205,
          -0.330975741147995,
          -4.631995677947998
        ],
        [
          0.0,
          0.0,
          0.0,
          1.0
        ]
      ]
    },
    {
      "image_id": 7,
      "file_name": "0006.png",
      "camera_id": 1,
      "camera_center_world": [
        -2.4248430728912354,
        10.421788215637207,
        9.020296096801758
      ],
      "quaternion_wxyz_world_to_camera": [
        0.04808258265256882,
        0.10342209786176682,
        -0.9008734822273254,
        0.41883042454719543
      ],
      "translation_world_to_camera": [
        7.483600938940072e-08,
        2.701489520973155e-08,
        13.994974136352539
      ],
      "world_to_camera": [
        [
          -0.9739838242530823,
          -0.22661735117435455,
          7.450581485102248e-09,
          7.483600938940072e-08
        ],
        [
          -0.14606356620788574,
          0.6277698874473572,
          -0.764572024345398,
          2.701489520973155e-08
        ],
        [
          0.17326530814170837,
          -0.7446808815002441,
          -0.6445383429527283,
          13.994974136352539
        ],
        [
          0.0,
          0.0,
          0.0,
          1.0
        ]
      ],
      "blender_world_to_camera": [
        [
          -0.9739838242530823,
          -0.22661735117435455,
          7.450581485102248e-09,
          7.483600938940072e-08
        ],
        [
          0.14606356620788574,
          -0.6277698874473572,
          0.764572024345398,
          -2.701489520973155e-08
        ],
        [
          -0.17326530814170837,
          0.7446808815002441,
          0.6445383429527283,
          -13.994974136352539
        ],
        [
          0.0,
          0.0,
          -0.0,
          1.0
        ]
      ],
      "camera_to_world": [
        [
          -0.973983883857727,
          0.14606356620788574,
          -0.173265278339386,
          -2.4248430728912354
        ],
        [
          -0.22661735117435455,
          -0.6277698874473572,
          0.7446807622909546,
          10.421788215637207
        ],
        [
          -5.4983657626905824e-09,
          0.764572024345398,
          0.6445382237434387,
          9.020296096801758
        ],
        [
          0.0,
          0.0,
          0.0,
          1.0
        ]
      ]
    },
    {
      "image_id": 8,
      "file_name": "0007.png",
      "camera_id": 1,
      "camera_center_world": [
        -4.593001365661621,
        9.826257705688477,
        -8.843544006347656
      ],
      "quaternion_wxyz_world_to_camera": [
        0.19591346383094788,
        0.0930451825261116,
        -0.41879379749298096,
        0.8818005919456482
      ],
      "translation_world_to_camera": [
        -9.815947805691394e-07,
        1.3687415503227385e-06,
        13.994973182678223
      ],
      "world_to_camera": [
        [
          -0.9059210419654846,
          -0.42344674468040466,
          -8.94069742685133e-08,
          -9.815947805691394e-07
        ],
        [
          0.26757973432540894,
          -0.5724593997001648,
          -0.7750428915023804,
          1.3687415503227385e-06
        ],
        [
          0.32818928360939026,
          -0.7021276354789734,
          0.6319087147712708,
          13.994973182678223
        ],
        [
          0.0,
          0.0,
          0.0,
          1.0
        ]
      ],
      "blender_world_to_camera": [
        [
          -0.9059210419654846,
          -0.42344674468040466,
          -8.94069742685133e-08,
          -9.815947805691394e-07
        ],
        [
          -0.26757973432540894,
          0.5724593997001648,
          0.7750428915023804,
          -1.3687415503227385e-06
        ],
        [
          -0.32818928360939026,
          0.7021276354789734,
          -0.6319087147712708,
          -13.994973182678223
        ],
        [
          -0.0,
          0.0,
          -0.0,
          1.0
        ]
      ],
      "camera_to_world": [
        [
          -0.9059209823608398,
          -0.26757970452308655,
          -0.32818928360939026,
          -4.593001365661621
        ],
        [
          -0.4234466850757599,
          0.57245934009552,
          0.7021276354789734,
          9.826257705688477
        ],
        [
          -8.74227694680485e-08,
          0.7750428318977356,
          -0.6319087147712708,
          -8.843544006347656
        ],
        [
          0.0,
          0.0,
          0.0,
          1.0
        ]
      ]
    },
    {
      "image_id": 9,
      "file_name": "0008.png",
      "camera_id": 1,
      "camera_center_world": [
        9.880881309509277,
        9.230727195739746,
        3.6084818840026855
      ],
      "quaternion_wxyz_world_to_camera": [
        0.24265143275260925,
        0.3158983588218689,
        0.7274124622344971,
        -0.5587482452392578
      ],
      "translation_world_to_camera": [
        4.96768223001709e-07,
        -8.481815143568383e-07,
        13.994975090026855
      ],
      "world_to_camera": [
        [
          -0.6826570630073547,
          0.7307389378547668,
          2.2351743567128324e-08,
          4.96768223001709e-07
        ],
        [
          0.18841469287872314,
          0.17601722478866577,
          -0.9661871790885925,
          -8.481815143568383e-07
        ],
        [
          -0.7060307264328003,
          -0.659574568271637,
          -0.2578413486480713,
          13.994975090026855
        ],
        [
          0.0,
          0.0,
          0.0,
          1.0
        ]
      ],
      "blender_world_to_camera": [
        [
          -0.6826570630073547,
          0.7307389378547668,
          2.2351743567128324e-08,
          4.96768223001709e-07
        ],
        [
          -0.18841469287872314,
          -0.17601722478866577,
          0.9661871790885925,
          8.481815143568383e-07
        ],
        [
          0.7060307264328003,
          0.659574568271637,
          0.2578413486480713,
          -13.994975090026855
        ],
        [
          -0.0,
          0.0,
          -0.0,
          1.0
        ]
      ],
      "camera_to_world": [
        [
          -0.68265700340271,
          -0.18841469287872314,
          0.7060306072235107,
          9.880881309509277
        ],
        [
          0.7307389378547668,
          -0.17601720988750458,
          0.6595744490623474,
          9.230727195739746
        ],
        [
          3.3369836671681696e-08,
          0.9661872982978821,
          0.2578413188457489,
          3.6084818840026855
        ],
        [
          0.0,
          0.0,
          0.0,
          1.0
        ]
      ]
    },
    {
      "image_id": 10,
      "file_name": "0009.png",
      "camera_id": 1,
      "camera_center_world": [
        -10.180089950561523,
        8.635196685791016,
        4.202193260192871
      ],
      "quaternion_wxyz_world_to_camera": [
        0.2485443502664566,
        0.33880728483200073,
        -0.731670618057251,
        0.5367434024810791
      ],
      "translation_world_to_camera": [
        -2.9605469080706825e-06,
        -9.090896355701261e-07,
        13.994974136352539
      ],
      "world_to_camera": [
        [
          -0.6468707323074341,
          -0.7625997066497803,
          -4.470348358154297e-08,
          -2.9605469080706825e-06
        ],
        [
          -0.2289816290140152,
          0.19423235952854156,
          -0.9538560509681702,
          -9.090896355701261e-07
        ],
        [
          0.7274103760719299,
          -0.6170214414596558,
          -0.3002645671367645,
          13.994974136352539
        ],
        [
          0.0,
          0.0,
          0.0,
          1.0
        ]
      ],
      "blender_world_to_camera": [
        [
          -0.6468707323074341,
          -0.7625997066497803,
          -4.470348358154297e-08,
          -2.9605469080706825e-06
        ],
        [
          0.2289816290140152,
          -0.19423235952854156,
          0.9538560509681702,
          9.090896355701261e-07
        ],
        [
          -0.7274103760719299,
          0.6170214414596558,
          0.3002645671367645,
          -13.994974136352539
        ],
        [
          0.0,
          0.0,
          -0.0,
          1.0
        ]
      ],
      "camera_to_world": [
        [
          -0.6468706727027893,
          0.2289816290140152,
          -0.7274103164672852,
          -10.180089950561523
        ],
        [
          -0.762599766254425,
          -0.19423235952854156,
          0.6170214414596558,
          8.635196685791016
        ],
        [
          -4.5265650783221645e-08,
          0.9538559913635254,
          0.30026453733444214,
          4.202193260192871
        ],
        [
          0.0,
          0.0,
          0.0,
          1.0
        ]
      ]
    },
    {
      "image_id": 11,
      "file_name": "0010.png",
      "camera_id": 1,
      "camera_center_world": [
        4.855267524719238,
        8.039665222167969,
        -10.3754243850708
      ],
      "quaternion_wxyz_world_to_camera": [
        0.25036850571632385,
        0.09648846834897995,
        0.3464187979698181,
        -0.8988879919052124
      ],
      "translation_world_to_camera": [
        7.739198508716072e-07,
        3.697566910432215e-07,
        13.994974136352539
      ],
      "world_to_camera": [
        [
          -0.856011152267456,
          0.5169572830200195,
          7.450580596923828e-08,
          7.739198508716072e-07
        ],
        [
          -0.38325560092926025,
          -0.6346191763877869,
          -0.6710987687110901,
          3.697566910432215e-07
        ],
        [
          -0.3469293415546417,
          -0.5744681358337402,
          0.7413679957389832,
          13.994974136352539
        ],
        [
          0.0,
          0.0,
          0.0,
          1.0
        ]
      ],
      "blender_world_to_camera": [
        [
          -0.856011152267456,
          0.5169572830200195,
          7.450580596923828e-08,
          7.739198508716072e-07
        ],
        [
          0.38325560092926025,
          0.6346191763877869,
          0.6710987687110901,
          -3.697566910432215e-07
        ],
        [
          0.3469293415546417,
          0.5744681358337402,
          -0.7413679957389832,
          -13.994974136352539
        ],
        [
          -0.0,
          -0.0,
          -0.0,
          1.0
        ]
      ],
      "camera_to_world": [
        [
          -0.8560112118721008,
          0.38325560092926025,
          0.3469293415546417,
          4.855267524719238
        ],
        [
          0.5169572830200195,
          0.6346192359924316,
          0.5744680762290955,
          8.039665222167969
        ],
        [
          8.742277657347586e-08,
          0.6710987687110901,
          -0.7413679361343384,
          -10.3754243850708
        ],
        [
          0.0,
          0.0,
          0.0,
          1.0
        ]
      ]
    },
    {
      "image_id": 12,
      "file_name": "0011.png",
      "camera_id": 1,
      "camera_center_world": [
        3.5467870235443115,
        7.444134712219238,
        11.30771541595459
      ],
      "quaternion_wxyz_world_to_camera": [
        0.06831919401884079,
        0.20963869988918304,
        0.9273853898048401,
        -0.30222585797309875
      ],
      "translation_world_to_camera": [
        7.242497872539388e-07,
        2.2537273025591276e-07,
        13.994974136352539
      ],
      "world_to_camera": [
        [
          -0.9027683138847351,
          0.43012741208076477,
          -2.980232949312267e-08,
          7.242497872539388e-07
        ],
        [
          0.3475360870361328,
          0.7294223308563232,
          -0.5892043709754944,
          2.2537273025591276e-07
        ],
        [
          -0.253432959318161,
          -0.531915009021759,
          -0.8079841136932373,
          13.994974136352539
        ],
        [
          0.0,
          0.0,
          0.0,
          1.0
        ]
      ],
      "blender_world_to_camera": [
        [
          -0.9027683138847351,
          0.43012741208076477,
          -2.980232949312267e-08,
          7.242497872539388e-07
        ],
        [
          -0.3475360870361328,
          -0.7294223308563232,
          0.5892043709754944,
          -2.2537273025591276e-07
        ],
        [
          0.253432959318161,
          0.531915009021759,
          0.8079841136932373,
          -13.994974136352539
        ],
        [
          -0.0,
          -0.0,
          -0.0,
          1.0
        ]
      ],
      "camera_to_world": [
        [
          -0.9027681350708008,
          -0.3475360870361328,
          0.25343286991119385,
          3.5467870235443115
        ],
        [
          0.43012735247612,
          -0.7294223308563232,
          0.5319148898124695,
          7.444134712219238
        ],
        [
          -5.004499925576056e-09,
          0.5892043113708496,
          0.8079839944839478,
          11.30771541595459
        ],
        [
          0.0,
          0.0,
          0.0,
          1.0
        ]
      ]
    },
    {
      "image_id": 13,
      "file_name": "0012.png",
      "camera_id": 1,
      "camera_center_world": [
        -10.559685707092285,
        6.848604202270508,
        -6.119553565979004
      ],
      "quaternion_wxyz_world_to_camera": [
        0.4047201871871948,
        0.253242552280426,
        -0.4660838842391968,
        0.7448728680610657
      ],
      "translation_world_to_camera": [
        -1.5653935179216205e-06,
        1.8597214648252702e-06,
        13.994973182678223
      ],
      "world_to_camera": [
        [
          -0.5441397428512573,
          -0.8389947414398193,
          -4.4703490686970326e-08,
          -1.5653935179216205e-06
        ],
        [
          0.3668656349182129,
          -0.23793485760688782,
          -0.8993312120437622,
          1.8597214648252702e-06
        ],
        [
          0.7545341849327087,
          -0.4893617630004883,
          0.43726807832717896,
          13.994973182678223
        ],
        [
          0.0,
          0.0,
          0.0,
          1.0
        ]
      ],
      "blender_world_to_camera": [
        [
          -0.5441397428512573,
          -0.8389947414398193,
          -4.4703490686970326e-08,
          -1.5653935179216205e-06
        ],
        [
          -0.3668656349182129,
          0.23793485760688782,
          0.8993312120437622,
          -1.8597214648252702e-06
        ],
        [
          -0.7545341849327087,
          0.4893617630004883,
          -0.43726807832717896,
          -13.994973182678223
        ],
        [
          -0.0,
          0.0,
          -0.0,
          1.0
        ]
      ],
      "camera_to_world": [
        [
          -0.544139564037323,
          -0.3668655753135681,
          -0.7545340657234192,
          -10.559685707092285
        ],
        [
          -0.8389946222305298,
          0.23793485760688782,
          0.48936179280281067,
          6.848604202270508
        ],
        [
          -3.661142500277492e-08,
          0.8993312120437622,
          -0.43726807832717896,
          -6.119553565979004
        ],
        [
          0.0,
          0.0,
          0.0,
          1.0
        ]
      ]
    },
    {
      "image_id": 14,
      "file_name": "0013.png",
      "camera_id": 1,
      "camera_center_world": [
        12.228290557861328,
        6.253073215484619,
        -2.6883554458618164
      ],
      "quaternion_wxyz_world_to_camera": [
        0.40291088819503784,
        0.331691175699234,
        0.5421566963195801,
        -0.6585666537284851
      ],
      "translation_world_to_camera": [
        1.4465002777797054e-06,
        9.576477850714582e-07,
        13.994975090026855
      ],
      "world_to_camera": [
        [
          -0.4552876651287079,
          0.8903444409370422,
          5.960465188081798e-08,
          1.4465002777797054e-06
        ],
        [
          -0.1710302233695984,
          -0.08745817840099335,
          -0.9813764095306396,
          9.576477850714582e-07
        ],
        [
          -0.8737630844116211,
          -0.4468086361885071,
          0.19209444522857666,
          13.994975090026855
        ],
        [
          0.0,
          0.0,
          0.0,
          1.0
        ]
      ],
      "blender_world_to_camera": [
        [
          -0.4552876651287079,
          0.8903444409370422,
          5.960465188081798e-08,
          1.4465002777797054e-06
        ],
        [
          0.1710302233695984,
          0.08745817840099335,
          0.9813764095306396,
          -9.576477850714582e-07
        ],
        [
          0.8737630844116211,
          0.4468086361885071,
          -0.19209444522857666,
          -13.994975090026855
        ],
        [
          -0.0,
          -0.0,
          -0.0,
          1.0
        ]
      ],
      "camera_to_world": [
        [
          -0.4552876651287079,
          0.1710302233695984,
          0.8737629652023315,
          12.228290557861328
        ],
        [
          0.8903443813323975,
          0.08745817840099335,
          0.4468085765838623,
          6.253073215484619
        ],
        [
          5.026900495863629e-08,
          0.9813764691352844,
          -0.19209441542625427,
          -2.6883554458618164
        ],
        [
          0.0,
          0.0,
          0.0,
          1.0
        ]
      ]
    },
    {
      "image_id": 15,
      "file_name": "0014.png",
      "camera_id": 1,
      "camera_center_world": [
        -7.36191463470459,
        5.6575422286987305,
        10.471566200256348
      ],
      "quaternion_wxyz_world_to_camera": [
        0.15680666267871857,
        0.41320857405662537,
        -0.8386760354042053,
        0.3182653486728668
      ],
      "translation_world_to_camera": [
        -4.4107414964855707e-07,
        2.905562723753974e-07,
        13.994973182678223
      ],
      "world_to_camera": [
        [
          -0.6093407273292542,
          -0.7929086089134216,
          1.4901162970204496e-08,
          -4.4107414964855707e-07
        ],
        [
          -0.593284010887146,
          0.4559316337108612,
          -0.6634307503700256,
          2.905562723753974e-07
        ],
        [
          0.5260399580001831,
          -0.40425539016723633,
          -0.748237669467926,
          13.994973182678223
        ],
        [
          0.0,
          0.0,
          0.0,
          1.0
        ]
      ],
      "blender_world_to_camera": [
        [
          -0.6093407273292542,
          -0.7929086089134216,
          1.4901162970204496e-08,
          -4.4107414964855707e-07
        ],
        [
          0.593284010887146,
          -0.4559316337108612,
          0.6634307503700256,
          -2.905562723753974e-07
        ],
        [
          -0.5260399580001831,
          0.40425539016723633,
          0.748237669467926,
          -13.994973182678223
        ],
        [
          -0.0,
          0.0,
          -0.0,
          1.0
        ]
      ],
      "camera_to_world": [
        [
          -0.6093406081199646,
          0.593284010887146,
          -0.5260398983955383,
          -7.36191463470459
        ],
        [
          -0.7929084897041321,
          -0.4559316039085388,
          0.40425533056259155,
          5.6575422286987305
        ],
        [
          1.8343071062076888e-08,
          0.6634308099746704,
          0.7482376098632812,
          10.471566200256348
        ],
        [
          0.0,
          0.0,
          0.0,
          1.0
        ]
      ]
    },
    {
      "image_id": 16,
      "file_name": "0015.png",
      "camera_id": 1,
      "camera_center_world": [
        -1.6767337322235107,
        5.06201171875,
        -12.939237594604492
      ],
      "quaternion_wxyz_world_to_camera": [
        0.15621891617774963,
        0.0309284720569849,
        -0.19173367321491241,
        0.9684406518936157
      ],
      "translation_world_to_camera": [
        -1.227950178872561e-06,
        3.748388337498909e-07,
        13.994976043701172
      ],
      "world_to_camera": [
        [
          -0.9492781758308411,
          -0.3144375681877136,
          -8.195640077701682e-08,
          -1.227950178872561e-06
        ],
        [
          0.2907174527645111,
          -0.8776678442955017,
          -0.3810286223888397,
          3.748388337498909e-07
        ],
        [
          0.11980964243412018,
          -0.36170220375061035,
          0.9245634078979492,
          13.994976043701172
        ],
        [
          0.0,
          0.0,
          0.0,
          1.0
        ]
      ],
      "blender_world_to_camera": [
        [
          -0.9492781758308411,
          -0.3144375681877136,
          -8.195640077701682e-08,
          -1.227950178872561e-06
        ],
        [
          -0.2907174527645111,
          0.8776678442955017,
          0.3810286223888397,
          -3.748388337498909e-07
        ],
        [
          -0.11980964243412018,
          0.36170220375061035,
          -0.9245634078979492,
          -13.994976043701172
        ],
        [
          -0.0,
          0.0,
          -0.0,
          1.0
        ]
      ],
      "camera_to_world": [
        [
          -0.9492781758308411,
          -0.2907174229621887,
          -0.11980961263179779,
          -1.6767337322235107
        ],
        [
          -0.31443753838539124,
          0.8776676654815674,
          0.3617021143436432,
          5.06201171875
        ],
        [
          -8.742277657347586e-08,
          0.38102859258651733,
          -0.9245631694793701,
          -12.939237594604492
        ],
        [
          0.0,
          0.0,
          0.0,
          1.0
        ]
      ]
    },
    {
      "image_id": 17,
      "file_name": "0016.png",
      "camera_id": 1,
      "camera_center_world": [
        10.141615867614746,
        4.466480731964111,
        8.547365188598633
      ],
      "quaternion_wxyz_world_to_camera": [
        0.24102076888084412,
        0.49028775095939636,
        0.7516586184501648,
        -0.36950811743736267
      ],
      "translation_world_to_camera": [
        -6.282140248003998e-07,
        3.4029457651740813e-07,
        13.994973182678223
      ],
      "world_to_camera": [
        [
          -0.40305382013320923,
          0.9151763319969177,
          -1.4901162970204496e-08,
          -6.282140248003998e-07
        ],
        [
          0.5589397549629211,
          0.2461632490158081,
          -0.7918270826339722,
          3.4029457651740813e-07
        ],
        [
          -0.7246614098548889,
          -0.3191489279270172,
          -0.6107454895973206,
          13.994973182678223
        ],
        [
          0.0,
          0.0,
          0.0,
          1.0
        ]
      ],
      "blender_world_to_camera": [
        [
          -0.40305382013320923,
          0.9151763319969177,
          -1.4901162970204496e-08,
          -6.282140248003998e-07
        ],
        [
          -0.5589397549629211,
          -0.2461632490158081,
          0.7918270826339722,
          -3.4029457651740813e-07
        ],
        [
          0.7246614098548889,
          0.3191489279270172,
          0.6107454895973206,
          -13.994973182678223
        ],
        [
          -0.0,
          0.0,
          -0.0,
          1.0
        ]
      ],
      "camera_to_world": [
        [
          -0.40305379033088684,
          -0.5589396953582764,
          0.7246613502502441,
          10.141615867614746
        ],
        [
          0.915176272392273,
          -0.2461632341146469,
          0.3191488981246948,
          4.466480731964111
        ],
        [
          3.81273501659507e-09,
          0.7918270826339722,
          0.610745370388031,
          8.547365188598633
        ],
        [
          0.0,
          0.0,
          0.0,
          1.0
        ]
      ]
    },
    {
      "image_id": 18,
      "file_name": "0017.png",
      "camera_id": 1,
      "camera_center_world": [
        -13.437494277954102,
        3.8709499835968018,
        0.5556825399398804
      ],
      "quaternion_wxyz_world_to_camera": [
        0.41667476296424866,
        0.4335610270500183,
        -0.5760882496833801,
        0.553650975227356
      ],
      "translation_world_to_camera": [
        -1.1936466535189538e-06,
        3.11951612275152e-06,
        13.994974136352539
      ],
      "world_to_camera": [
        [
          -0.2768141031265259,
          -0.9609234929084778,
          6.519258732851085e-08,
          -1.1936466535189538e-06
        ],
        [
          -0.038154102861881256,
          0.010991018265485764,
          -0.9992114305496216,
          3.11951612275152e-06
        ],
        [
          0.960165798664093,
          -0.2765958607196808,
          -0.03970564529299736,
          13.994974136352539
        ],
        [
          0.0,
          0.0,
          0.0,
          1.0
        ]
      ],
      "blender_world_to_camera": [
        [
          -0.2768141031265259,
          -0.9609234929084778,
          6.519258732851085e-08,
          -1.1936466535189538e-06
        ],
        [
          0.038154102861881256,
          -0.010991018265485764,
          0.9992114305496216,
          -3.11951612275152e-06
        ],
        [
          -0.960165798664093,
          0.2765958607196808,
          0.03970564529299736,
          -13.994974136352539
        ],
        [
          -0.0,
          0.0,
          -0.0,
          1.0
        ]
      ],
      "camera_to_world": [
        [
          -0.27681413292884827,
          0.03815409913659096,
          -0.9601656794548035,
          -13.437494277954102
        ],
        [
          -0.9609234929084778,
          -0.010991018265485764,
          0.276595801115036,
          3.8709499835968018
        ],
        [
          6.710870792403512e-08,
          0.9992114305496216,
          0.03970563784241676,
          0.5556825399398804
        ],
        [
          0.0,
          0.0,
          0.0,
          1.0
        ]
      ]
    },
    {
      "image_id": 19,
      "file_name": "0018.png",
      "camera_id": 1,
      "camera_center_world": [
        9.644533157348633,
        3.275419235229492,
        -9.5975980758667
      ],
      "quaternion_wxyz_world_to_camera": [
        0.5347151756286621,
        0.2308509349822998,
        0.32220080494880676,
        -0.7463070154190063
      ],
      "translation_world_to_camera": [
        -1.1953402463404927e-06,
        -6.730107315888745e-07,
        13.994975090026855
      ],
      "world_to_camera": [
        [
          -0.32157501578330994,
          0.9468840956687927,
          2.980232594040899e-08,
          -1.1953402463404927e-06
        ],
        [
          -0.6493626236915588,
          -0.22053255140781403,
          -0.7278004288673401,
          -6.730107315888745e-07
        ],
        [
          -0.6891427636146545,
          -0.23404249548912048,
          0.6857890486717224,
