{
  "camera_model": "PINHOLE",
  "intrinsics": {
    "width": 512,
    "height": 512,
    "fx": 711.1111111111111,
    "fy": 711.1111111111111,
    "cx": 256.0,
    "cy": 256.0
  },
  "images": [
    {
      "image_id": 1,
      "file_name": "0000.png",
      "camera_id": 1,
      "camera_center_world": [
        0.0,
        14.104000091552734,
        0.0
      ],
      "quaternion_wxyz_world_to_camera": [
        3.0908619663705394e-08,
        3.0908619663705394e-08,
        -0.7071067690849304,
        0.7071067690849304
      ],
      "translation_world_to_camera": [
        1.233010834766901e-06,
        -1.0648224133547046e-06,
        14.104000091552734
      ],
      "world_to_camera": [
        [
          -1.0,
          -8.742277657347586e-08,
          0.0,
          1.233010834766901e-06
        ],
        [
          -6.6002361555513294e-15,
          7.549790126404332e-08,
          -1.0,
          -1.0648224133547046e-06
        ],
        [
          8.742277657347586e-08,
          -1.0,
          -7.549790126404332e-08,
          14.104000091552734
        ],
        [
          0.0,
          0.0,
          0.0,
          1.0
        ]
      ],
      "blender_world_to_camera": [
        [
          -1.0,
          -8.742277657347586e-08,
          0.0,
          1.233010834766901e-06
        ],
        [
          6.6002361555513294e-15,
          -7.549790126404332e-08,
          1.0,
          1.0648224133547046e-06
        ],
        [
          -8.742277657347586e-08,
          1.0,
          7.549790126404332e-08,
          -14.104000091552734
        ],
        [
          -0.0,
          0.0,
          -0.0,
          1.0
        ]
      ],
      "camera_to_world": [
        [
          -1.0,
          6.6002361555513294e-15,
          -8.742277657347586e-08,
          0.0
        ],
        [
          -8.742277657347586e-08,
          -7.549790126404332e-08,
          1.0,
          14.104000091552734
        ],
        [
          0.0,
          1.0,
          7.549790126404332e-08,
          0.0
        ],
        [
          0.0,
          0.0,
          0.0,
          1.0
        ]
      ]
    },
    {
      "image_id": 2,
      "file_name": "0001.png",
      "camera_id": 1,
      "camera_center_world": [
        -3.0014986991882324,
        13.503829956054688,
        2.7496185302734375
      ],
      "quaternion_wxyz_world_to_camera": [
        0.06924325972795486,
        0.08436111360788345,
        -0.768348753452301,
        0.630657434463501
      ],
      "translation_world_to_camera": [
        -2.451872092024132e-07,
        -1.2932721560332539e-08,
        14.104000091552734
      ],
      "world_to_camera": [
        [
          -0.9761770963668823,
          -0.21697504818439484,
          3.725290298461914e-09,
          -2.451872092024132e-07
        ],
        [
          -0.042299963533878326,
          0.19030876457691193,
          -0.9808126091957092,
          -1.2932721560332539e-08
        ],
        [
          0.21281185746192932,
          -0.957446813583374,
          -0.1949530988931656,
          14.104000091552734
        ],
        [
          0.0,
          0.0,
          0.0,
          1.0
        ]
      ],
      "blender_world_to_camera": [
        [
          -0.9761770963668823,
          -0.21697504818439484,
          3.725290298461914e-09,
          -2.451872092024132e-07
        ],
        [
          0.042299963533878326,
          -0.19030876457691193,
          0.9808126091957092,
          1.2932721560332539e-08
        ],
        [
          -0.21281185746192932,
          0.957446813583374,
          0.1949530988931656,
          -14.104000091552734
        ],
        [
          -0.0,
          0.0,
          -0.0,
          1.0
        ]
      ],
      "camera_to_world": [
        [
          -0.9761771559715271,
          0.04229995980858803,
          -0.21281185746192932,
          -3.0014986991882324
        ],
        [
          -0.21697504818439484,
          -0.19030874967575073,
          0.957446813583374,
          13.503829956054688
        ],
        [
          3.2057836385490646e-09,
          0.9808125495910645,
          0.1949530988931656,
          2.7496185302734375
        ],
        [
          0.0,
          0.0,
          0.0,
          1.0
        ]
      ]
    },
    {
      "image_id": 3,
      "file_name": "0002.png",
      "camera_id": 1,
      "camera_center_world": [
        0.4977771043777466,
        12.90365982055664,
        -5.6719136238098145
      ],
      "quaternion_wxyz_world_to_camera": [
        0.016141032800078392,
        0.010539809241890907,
        0.5466390252113342,
        -0.8371464610099792
      ],
      "translation_world_to_camera": [
        -4.885419002675917e-07,
        4.695899065154663e-07,
        14.10400104522705
      ],
      "world_to_camera": [
        [
          -0.9992567896842957,
          0.038547761738300323,
          -8.754432911928234e-08,
          -4.885419002675917e-07
        ],
        [
          -0.015501875430345535,
          -0.4018504321575165,
          -0.9155741333961487,
          4.695899065154663e-07
        ],
        [
          -0.03529336676001549,
          -0.914893627166748,
          0.40214934945106506,
          14.10400104522705
        ],
        [
          0.0,
          0.0,
          0.0,
          1.0
        ]
      ],
      "blender_world_to_camera": [
        [
          -0.9992567896842957,
          0.038547761738300323,
          -8.754432911928234e-08,
          -4.885419002675917e-07
        ],
        [
          0.015501875430345535,
          0.4018504321575165,
          0.9155741333961487,
          -4.695899065154663e-07
        ],
        [
          0.03529336676001549,
          0.914893627166748,
          -0.40214934945106506,
          -14.10400104522705
        ],
        [
          -0.0,
          0.0,
          0.0,
          1.0
        ]
      ],
      "camera_to_world": [
        [
          -0.9992567300796509,
          0.015501873567700386,
          0.03529336303472519,
          0.4977771043777466
        ],
        [
          0.038547758013010025,
          0.4018504321575165,
          0.914893627166748,
          12.90365982055664
        ],
        [
          -8.742277657347586e-08,
          0.9155740737915039,
          -0.4021493196487427,
          -5.6719136238098145
        ],
        [
          0.0,
          0.0,
          0.0,
          1.0
        ]
      ]
    },
    {
      "image_id": 4,
      "file_name": "0003.png",
      "camera_id": 1,
      "camera_center_world": [
        4.19544792175293,
        12.303488731384277,
        5.472218990325928
      ],
      "quaternion_wxyz_world_to_camera": [
        0.09048722684383392,
        0.13627038896083832,
        0.8218428492546082,
        -0.54572594165802
      ],
      "translation_world_to_camera": [
        6.751592422915564e-07,
        4.897938197245821e-07,
        14.103999137878418
      ],
      "world_to_camera": [
        [
          -0.9464848637580872,
          0.3227480947971344,
          -3.725290653733282e-08,
          6.751592422915564e-07
        ],
        [
          0.12522326409816742,
          0.3672272264957428,
          -0.9216634035110474,
          4.897938197245821e-07
        ],
        [
          -0.29746511578559875,
          -0.8723404407501221,
          -0.3879905343055725,
          14.103999137878418
        ],
        [
          0.0,
          0.0,
          0.0,
          1.0
        ]
      ],
      "blender_world_to_camera": [
        [
          -0.9464848637580872,
          0.3227480947971344,
          -3.725290653733282e-08,
          6.751592422915564e-07
        ],
        [
          -0.12522326409816742,
          -0.3672272264957428,
          0.9216634035110474,
          -4.897938197245821e-07
        ],
        [
          0.29746511578559875,
          0.8723404407501221,
          0.3879905343055725,
          -14.103999137878418
        ],
        [
          -0.0,
          -0.0,
          -0.0,
          1.0
        ]
      ],
      "camera_to_world": [
        [
          -0.9464849233627319,
          -0.12522323429584503,
          0.29746508598327637,
          4.19544792175293
        ],
        [
          0.3227481245994568,
          -0.36722713708877563,
          0.8723404407501221,
          12.303488731384277
        ],
        [
          -3.229193268339259e-08,
          0.9216632843017578,
          0.3879905343055725,
          5.472218990325928
        ],
        [
          0.0,
          0.0,
          0.0,
          1.0
        ]
      ]
    },
    {
      "image_id": 5,
      "file_name": "0004.png",
      "camera_id": 1,
      "camera_center_world": [
        -7.75083589553833,
        11.70331859588623,
        -1.3710137605667114
      ],
      "quaternion_wxyz_world_to_camera": [
        0.21355704963207245,
        0.19371511042118073,
        -0.6433278322219849,
        0.7092229127883911
      ],
      "translation_world_to_camera": [
        4.80722917473031e-07,
        9.59015551416087e-07,
        14.104000091552734
      ],
      "world_to_camera": [
        [
          -0.8337356448173523,
          -0.5521637797355652,
          7.450580596923828e-09,
          4.80722917473031e-07
        ],
        [
          0.05367446690797806,
          -0.08104537427425385,
          -0.9952641725540161,
          9.59015551416087e-07
        ],
        [
          0.5495488047599792,
          -0.8297872543334961,
          0.09720750898122787,
          14.104000091552734
        ],
        [
          0.0,
          0.0,
          0.0,
          1.0
        ]
      ],
      "blender_world_to_camera": [
        [
          -0.8337356448173523,
          -0.5521637797355652,
          7.450580596923828e-09,
          4.80722917473031e-07
        ],
        [
          -0.05367446690797806,
          0.08104537427425385,
          0.9952641725540161,
          -9.59015551416087e-07
        ],
        [
          -0.5495488047599792,
          0.8297872543334961,
          -0.09720750898122787,
          -14.104000091552734
        ],
        [
          0.0,
          0.0,
          -0.0,
          1.0
        ]
      ],
      "camera_to_world": [
        [
          -0.8337357044219971,
          -0.05367445945739746,
          -0.5495488047599792,
          -7.75083589553833
        ],
        [
          -0.5521637797355652,
          0.08104536682367325,
          0.8297871947288513,
          11.70331859588623
        ],
        [
          2.1370212266447197e-09,
          0.9952641129493713,
          -0.09720750898122787,
          -1.3710137605667114
        ],
        [
          0.0,
          0.0,
          0.0,
          1.0
        ]
      ]
    },
    {
      "image_id": 6,
      "file_name": "0005.png",
      "camera_id": 1,
      "camera_center_world": [
        7.338386535644531,
        11.103148460388184,
        -4.668080806732178
      ],
      "quaternion_wxyz_world_to_camera": [
        0.23484300076961517,
        0.16649971902370453,
        0.5538862943649292,
        -0.7812404036521912
      ],
      "translation_world_to_camera": [
        1.5897580851742532e-06,
        -6.641462277912069e-07,
        14.103999137878418
      ],
      "world_to_camera": [
        [
          -0.834253191947937,
          0.551381528377533,
          2.9802322387695312e-08,
          1.5897580851742532e-06
        ],
        [
          -0.1824938803911209,
          -0.2761175036430359,
          -0.9436392784118652,
          -6.641462277912069e-07
        ],
        [
          -0.5203052759170532,
          -0.7872340679168701,
          0.33097562193870544,
          14.103999137878418
        ],
        [
          0.0,
          0.0,
          0.0,
          1.0
        ]
      ],
      "blender_world_to_camera": [
        [
          -0.834253191947937,
          0.551381528377533,
          2.9802322387695312e-08,
          1.5897580851742532e-06
        ],
        [
          0.1824938803911209,
          0.2761175036430359,
          0.9436392784118652,
          6.641462277912069e-07
        ],
        [
          0.5203052759170532,
          0.7872340679168701,
          -0.33097562193870544,
          -14.103999137878418
        ],
        [
          -0.0,
          -0.0,
          -0.0,
          1.0
        ]
      ],
      "camera_to_world": [
        [
          -0.834253191947937,
          0.18249386548995972,
          0.5203052759170532,
          7.338386535644531
        ],
        [
          0.551381528377533,
          0.2761174738407135,
          0.7872341275215149,
          11.103148460388184
        ],
        [
          1.969159058035075e-08,
          0.9436392784118652,
          -0.33097565174102783,
          -4.668080806732178
        ],
        [
          0.0,
          0.0,
          0.0,
          1.0
        ]
      ]
    },
    {
      "image_id": 7,
      "file_name": "0006.png",
      "camera_id": 1,
      "camera_center_world": [
        -2.4437336921691895,
        10.502978324890137,
        9.090567588806152
      ],
      "quaternion_wxyz_world_to_camera": [
        0.048082586377859116,
        0.10342209786176682,
        -0.9008734822273254,
        0.41883042454719543
      ],
      "translation_world_to_camera": [
        -7.483600938940072e-08,
        -2.701489343337471e-08,
        14.10400104522705
      ],
      "world_to_camera": [
        [
          -0.973983883857727,
          -0.22661736607551575,
          -7.450580596923828e-09,
          -7.483600938940072e-08
        ],
        [
          -0.14606353640556335,
          0.6277698278427124,
          -0.7645719647407532,
          -2.701489343337471e-08
        ],
        [
          0.17326530814170837,
          -0.7446809411048889,
          -0.6445383429527283,
          14.10400104522705
        ],
        [
          0.0,
          0.0,
          0.0,
          1.0
        ]
      ],
      "blender_world_to_camera": [
        [
          -0.973983883857727,
          -0.22661736607551575,
          -7.450580596923828e-09,
          -7.483600938940072e-08
        ],
        [
          0.14606353640556335,
          -0.6277698278427124,
          0.7645719647407532,
          2.701489343337471e-08
        ],
        [
          -0.17326530814170837,
          0.7446809411048889,
          0.6445383429527283,
          -14.10400104522705
        ],
        [
          0.0,
          0.0,
          -0.0,
          1.0
        ]
      ],
      "camera_to_world": [
        [
          -0.973983883857727,
          0.14606356620788574,
          -0.173265278339386,
          -2.4437336921691895
        ],
        [
          -0.22661735117435455,
          -0.627769947052002,
          0.7446807622909546,
          10.502978324890137
        ],
        [
          -1.173942543175599e-08,
          0.7645721435546875,
          0.6445382237434387,
          9.090567588806152
        ],
        [
          0.0,
          0.0,
          0.0,
          1.0
        ]
      ]
    },
    {
      "image_id": 8,
      "file_name": "0007.png",
      "camera_id": 1,
      "camera_center_world": [
        -4.628782272338867,
        9.90280818939209,
        -8.912439346313477
      ],
      "quaternion_wxyz_world_to_camera": [
        0.1959133893251419,
        0.09304525703191757,
        -0.41879379749298096,
        0.8818005919456482
      ],
      "translation_world_to_camera": [
        1.0980566855778306e-07,
        1.4978456874814583e-06,
        14.104000091552734
      ],
      "world_to_camera": [
        [
          -0.9059211015701294,
          -0.4234466552734375,
          1.0430814256778831e-07,
          1.0980566855778306e-07
        ],
        [
          0.2675795257091522,
          -0.57245934009552,
          -0.7750427722930908,
          1.4978456874814583e-06
        ],
        [
          0.32818934321403503,
          -0.7021276354789734,
          0.631908655166626,
          14.104000091552734
        ],
        [
          0.0,
          0.0,
          0.0,
          1.0
        ]
      ],
      "blender_world_to_camera": [
        [
          -0.9059211015701294,
          -0.4234466552734375,
          1.0430814256778831e-07,
          1.0980566855778306e-07
        ],
        [
          -0.2675795257091522,
          0.57245934009552,
          0.7750427722930908,
          -1.4978456874814583e-06
        ],
        [
          -0.32818934321403503,
          0.7021276354789734,
          -0.631908655166626,
          -14.104000091552734
        ],
        [
          0.0,
          0.0,
          -0.0,
          1.0
        ]
      ],
      "camera_to_world": [
        [
          -0.9059209823608398,
          -0.2675795257091522,
          -0.32818928360939026,
          -4.628782272338867
        ],
        [
          -0.4234465956687927,
          0.5724593997001648,
          0.7021275162696838,
          9.90280818939209
        ],
        [
          8.74227694680485e-08,
          0.7750428318977356,
          -0.631908655166626,
          -8.912439346313477
        ],
        [
          0.0,
          0.0,
          0.0,
          1.0
        ]
      ]
    },
    {
      "image_id": 9,
      "file_name": "0008.png",
      "camera_id": 1,
      "camera_center_world": [
        9.957857131958008,
        9.302638053894043,
        3.6365935802459717
      ],
      "quaternion_wxyz_world_to_camera": [
        0.24265143275260925,
        0.3158983588218689,
        0.7274124622344971,
        -0.5587482452392578
      ],
      "translation_world_to_camera": [
        1.0024039056588663e-06,
        -6.854233447484148e-07,
        14.10400104522705
      ],
      "world_to_camera": [
        [
          -0.6826570630073547,
          0.7307389378547668,
          2.2351743567128324e-08,
          1.0024039056588663e-06
        ],
        [
          0.18841469287872314,
          0.17601722478866577,
          -0.9661871790885925,
          -6.854233447484148e-07
        ],
        [
          -0.7060307264328003,
          -0.659574568271637,
          -0.2578413486480713,
          14.10400104522705
        ],
        [
          0.0,
          0.0,
          0.0,
          1.0
        ]
      ],
      "blender_world_to_camera": [
        [
          -0.6826570630073547,
          0.7307389378547668,
          2.2351743567128324e-08,
          1.0024039056588663e-06
        ],
        [
          -0.18841469287872314,
          -0.17601722478866577,
          0.9661871790885925,
          6.854233447484148e-07
        ],
        [
          0.7060307264328003,
          0.659574568271637,
          0.2578413486480713,
          -14.10400104522705
        ],
        [
          -0.0,
          0.0,
          -0.0,
          1.0
        ]
      ],
      "camera_to_world": [
        [
          -0.68265700340271,
          -0.18841469287872314,
          0.7060306072235107,
          9.957857131958008
        ],
        [
          0.7307389378547668,
          -0.17601720988750458,
          0.6595744490623474,
          9.302638053894043
        ],
        [
          3.3369836671681696e-08,
          0.9661872982978821,
          0.2578413188457489,
          3.6365935802459717
        ],
        [
          0.0,
          0.0,
          0.0,
          1.0
        ]
      ]
    },
    {
      "image_id": 10,
      "file_name": "0009.png",
      "camera_id": 1,
      "camera_center_world": [
        -10.259397506713867,
        8.702467918395996,
        4.234930038452148
      ],
      "quaternion_wxyz_world_to_camera": [
        0.24854442477226257,
        0.3388074040412903,
        -0.7316704988479614,
        0.5367434620857239
      ],
      "translation_world_to_camera": [
        -1.6569828176216106e-08,
        6.720878218402504e-07,
        14.104000091552734
      ],
      "world_to_camera": [
        [
          -0.6468704342842102,
          -0.7625998854637146,
          1.4901161193847656e-08,
          -1.6569828176216106e-08
        ],
        [
          -0.2289816290140152,
          0.19423218071460724,
          -0.9538559913635254,
          6.720878218402504e-07
        ],
        [
          0.7274104952812195,
          -0.6170213222503662,
          -0.3002644181251526,
          14.104000091552734
        ],
        [
          0.0,
          0.0,
          0.0,
          1.0
        ]
      ],
      "blender_world_to_camera": [
        [
          -0.6468704342842102,
          -0.7625998854637146,
          1.4901161193847656e-08,
          -1.6569828176216106e-08
        ],
        [
          0.2289816290140152,
          -0.19423218071460724,
          0.9538559913635254,
          -6.720878218402504e-07
        ],
        [
          -0.7274104952812195,
          0.6170213222503662,
          0.3002644181251526,
          -14.104000091552734
        ],
        [
          -0.0,
          0.0,
          -0.0,
          1.0
        ]
      ],
      "camera_to_world": [
        [
          -0.646870493888855,
          0.2289816290140152,
          -0.7274104952812195,
          -10.259397506713867
        ],
        [
          -0.7625998854637146,
          -0.19423218071460724,
          0.6170212626457214,
          8.702467918395996
        ],
        [
          2.332047976949525e-08,
          0.9538559913635254,
          0.3002644181251526,
          4.234930038452148
        ],
        [
          0.0,
          0.0,
          0.0,
          1.0
        ]
      ]
    },
    {
      "image_id": 11,
      "file_name": "0010.png",
      "camera_id": 1,
      "camera_center_world": [
        4.893092155456543,
        8.10229778289795,
        -10.456253051757812
      ],
      "quaternion_wxyz_world_to_camera": [
        0.25036847591400146,
        0.09648844599723816,
        0.3464188277721405,
        -0.8988879919052124
      ],
      "translation_world_to_camera": [
        1.2452297823983827e-06,
        4.930089403387683e-07,
        14.10400104522705
      ],
      "world_to_camera": [
        [
          -0.8560112714767456,
          0.5169572234153748,
          8.940698137394065e-08,
          1.2452297823983827e-06
        ],
        [
          -0.38325560092926025,
          -0.6346192359924316,
          -0.6710987687110901,
          4.930089403387683e-07
        ],
        [
          -0.34692931175231934,
          -0.574468195438385,
          0.7413679957389832,
          14.10400104522705
        ],
        [
          0.0,
          0.0,
          0.0,
          1.0
        ]
      ],
      "blender_world_to_camera": [
        [
          -0.8560112714767456,
          0.5169572234153748,
          8.940698137394065e-08,
          1.2452297823983827e-06
        ],
        [
          0.38325560092926025,
          0.6346192359924316,
          0.6710987687110901,
          -4.930089403387683e-07
        ],
        [
          0.34692931175231934,
          0.574468195438385,
          -0.7413679957389832,
          -14.10400104522705
        ],
        [
          -0.0,
          -0.0,
          -0.0,
          1.0
        ]
      ],
      "camera_to_world": [
        [
          -0.8560112118721008,
          0.38325557112693787,
          0.34692928194999695,
          4.893092155456543
        ],
        [
          0.5169572234153748,
          0.6346192359924316,
          0.5744680762290955,
          8.10229778289795
        ],
        [
          8.742277657347586e-08,
          0.6710987687110901,
          -0.7413678765296936,
          -10.456253051757812
        ],
        [
          0.0,
          0.0,
          0.0,
          1.0
        ]
      ]
    },
    {
      "image_id": 12,
      "file_name": "0011.png",
      "camera_id": 1,
      "camera_center_world": [
        3.57441782951355,
        7.502127647399902,
        11.395807266235352
      ],
      "quaternion_wxyz_world_to_camera": [
        0.06831919401884079,
        0.20963869988918304,
        0.9273853898048401,
        -0.30222582817077637
      ],
      "translation_world_to_camera": [
        5.503418947228056e-07,
        3.27923117993123e-07,
        14.10400104522705
      ],
      "world_to_camera": [
        [
          -0.9027682542800903,
          0.4301273822784424,
          -2.980232949312267e-08,
          5.503418947228056e-07
        ],
        [
          0.3475360870361328,
          0.729422390460968,
          -0.5892043709754944,
          3.27923117993123e-07
        ],
        [
          -0.2534329295158386,
          -0.5319149494171143,
          -0.8079841136932373,
          14.10400104522705
        ],
        [
          0.0,
          0.0,
          0.0,
          1.0
        ]
      ],
      "blender_world_to_camera": [
        [
          -0.9027682542800903,
          0.4301273822784424,
          -2.980232949312267e-08,
          5.503418947228056e-07
        ],
        [
          -0.3475360870361328,
          -0.729422390460968,
          0.5892043709754944,
          -3.27923117993123e-07
        ],
        [
          0.2534329295158386,
          0.5319149494171143,
          0.8079841136932373,
          -14.10400104522705
        ],
        [
          -0.0,
          -0.0,
          -0.0,
          1.0
        ]
      ],
      "camera_to_world": [
        [
          -0.9027681946754456,
          -0.3475360572338104,
          0.25343286991119385,
          3.57441782951355
        ],
        [
          0.4301273822784424,
          -0.7294222712516785,
          0.5319148898124695,
          7.502127647399902
        ],
        [
          -9.816588431021955e-09,
          0.5892042517662048,
          0.8079839944839478,
          11.395807266235352
        ],
        [
          0.0,
          0.0,
          0.0,
          1.0
        ]
      ]
    },
    {
      "image_id": 13,
      "file_name": "0012.png",
      "camera_id": 1,
      "camera_center_world": [
        -10.641949653625488,
        6.9019575119018555,
        -6.167227745056152
      ],
      "quaternion_wxyz_world_to_camera": [
        0.4047200679779053,
        0.2532425820827484,
        -0.4660838842391968,
        0.7448729276657104
      ],
      "translation_world_to_camera": [
        -1.1105702242275584e-06,
        1.3299245438247453e-06,
        14.104000091552734
      ],
      "world_to_camera": [
        [
          -0.5441396832466125,
          -0.8389946222305298,
          0.0,
          -1.1105702242275584e-06
        ],
        [
          0.3668655753135681,
          -0.2379348874092102,
          -0.8993310928344727,
          1.3299245438247453e-06
        ],
        [
          0.7545341849327087,
          -0.48936182260513306,
          0.43726813793182373,
          14.104000091552734
        ],
        [
          0.0,
          0.0,
          0.0,
          1.0
        ]
      ],
      "blender_world_to_camera": [
        [
          -0.5441396832466125,
          -0.8389946222305298,
          0.0,
          -1.1105702242275584e-06
        ],
        [
          -0.3668655753135681,
          0.2379348874092102,
          0.8993310928344727,
          -1.3299245438247453e-06
        ],
        [
          -0.7545341849327087,
          0.48936182260513306,
          -0.43726813793182373,
          -14.104000091552734
        ],
        [
          0.0,
          0.0,
          -0.0,
          1.0
        ]
      ],
      "camera_to_world": [
        [
          -0.5441396236419678,
          -0.3668656051158905,
          -0.7545340061187744,
          -10.641949653625488
        ],
        [
          -0.8389946818351746,
          0.2379349321126938,
          0.4893617331981659,
          6.9019575119018555
        ],
        [
          1.5292535238131677e-08,
          0.8993313312530518,
          -0.43726804852485657,
          -6.167227745056152
        ],
        [
          0.0,
          0.0,
          0.0,
          1.0
        ]
      ]
    },
    {
      "image_id": 14,
      "file_name": "0013.png",
      "camera_id": 1,
      "camera_center_world": [
        12.323554039001465,
        6.301787376403809,
        -2.709298849105835
      ],
      "quaternion_wxyz_world_to_camera": [
        0.40291088819503784,
        0.331691175699234,
        0.5421566963195801,
        -0.6585666537284851
      ],
      "translation_world_to_camera": [
        9.785434258446912e-07,
        9.576476713846205e-07,
        14.10400104522705
      ],
      "world_to_camera": [
        [
          -0.4552876651287079,
          0.8903444409370422,
          5.960465188081798e-08,
          9.785434258446912e-07
        ],
        [
          -0.1710302233695984,
          -0.08745817840099335,
          -0.9813764095306396,
          9.576476713846205e-07
        ],
        [
          -0.8737630844116211,
          -0.4468086361885071,
          0.19209444522857666,
          14.10400104522705
        ],
        [
          0.0,
          0.0,
          0.0,
          1.0
        ]
      ],
      "blender_world_to_camera": [
        [
          -0.4552876651287079,
          0.8903444409370422,
          5.960465188081798e-08,
          9.785434258446912e-07
        ],
        [
          0.1710302233695984,
          0.08745817840099335,
          0.9813764095306396,
          -9.576476713846205e-07
        ],
        [
          0.8737630844116211,
          0.4468086361885071,
          -0.19209444522857666,
          -14.10400104522705
        ],
        [
          -0.0,
          -0.0,
          -0.0,
          1.0
        ]
      ],
      "camera_to_world": [
        [
          -0.4552876651287079,
          0.1710302233695984,
          0.8737629652023315,
          12.323554039001465
        ],
        [
          0.8903443813323975,
          0.08745817840099335,
          0.4468085765838623,
          6.301787376403809
        ],
        [
          5.026900495863629e-08,
          0.9813764691352844,
          -0.19209441542625427,
          -2.709298849105835
        ],
        [
          0.0,
          0.0,
          0.0,
          1.0
        ]
      ]
    },
    {
      "image_id": 15,
      "file_name": "0014.png",
      "camera_id": 1,
      "camera_center_world": [
        -7.419267177581787,
        5.7016167640686035,
        10.553144454956055
      ],
      "quaternion_wxyz_world_to_camera": [
        0.15680666267871857,
        0.41320857405662537,
        -0.8386760354042053,
        0.3182653486728668
      ],
      "translation_world_to_camera": [
        -5.992483806949167e-07,
        2.905562723753974e-07,
        14.104001998901367
      ],
      "world_to_camera": [
        [
          -0.6093407273292542,
          -0.7929086089134216,
          1.4901162970204496e-08,
          -5.992483806949167e-07
        ],
        [
          -0.593284010887146,
          0.4559316337108612,
          -0.6634307503700256,
          2.905562723753974e-07
        ],
        [
          0.5260399580001831,
          -0.40425539016723633,
          -0.748237669467926,
          14.104001998901367
        ],
        [
          0.0,
          0.0,
          0.0,
          1.0
        ]
      ],
      "blender_world_to_camera": [
        [
          -0.6093407273292542,
          -0.7929086089134216,
          1.4901162970204496e-08,
          -5.992483806949167e-07
        ],
        [
          0.593284010887146,
          -0.4559316337108612,
          0.6634307503700256,
          -2.905562723753974e-07
        ],
        [
          -0.5260399580001831,
          0.40425539016723633,
          0.748237669467926,
          -14.104001998901367
        ],
        [
          -0.0,
          0.0,
          -0.0,
          1.0
        ]
      ],
      "camera_to_world": [
        [
          -0.6093406081199646,
          0.593284010887146,
          -0.5260398983955383,
          -7.419267177581787
        ],
        [
          -0.7929084897041321,
          -0.4559316039085388,
          0.40425533056259155,
          5.7016167640686035
        ],
        [
          1.8343071062076888e-08,
          0.6634308099746704,
          0.7482376098632812,
          10.553144454956055
        ],
        [
          0.0,
          0.0,
          0.0,
          1.0
        ]
      ]
    },
    {
      "image_id": 16,
      "file_name": "0015.png",
      "camera_id": 1,
      "camera_center_world": [
        -1.6897960901260376,
        5.101446628570557,
        -13.040040016174316
      ],
      "quaternion_wxyz_world_to_camera": [
        0.15621891617774963,
        0.030928462743759155,
        -0.19173365831375122,
        0.9684406518936157
      ],
      "translation_world_to_camera": [
        -1.355287167825736e-06,
        4.123226915453415e-07,
        14.104000091552734
      ],
      "world_to_camera": [
        [
          -0.9492781162261963,
          -0.31443753838539124,
          -9.685754776000977e-08,
          -1.355287167825736e-06
        ],
        [
          0.2907174229621887,
          -0.8776677250862122,
          -0.38102856278419495,
          4.123226915453415e-07
        ],
        [
          0.1198096051812172,
          -0.3617021143436432,
          0.9245632886886597,
          14.104000091552734
        ],
        [
          0.0,
          0.0,
          0.0,
          1.0
        ]
      ],
      "blender_world_to_camera": [
        [
          -0.9492781162261963,
          -0.31443753838539124,
          -9.685754776000977e-08,
          -1.355287167825736e-06
        ],
        [
          -0.2907174229621887,
          0.8776677250862122,
          0.38102856278419495,
          -4.123226915453415e-07
        ],
        [
          -0.1198096051812172,
          0.3617021143436432,
          -0.9245632886886597,
          -14.104000091552734
        ],
        [
          -0.0,
          0.0,
          -0.0,
          1.0
        ]
      ],
      "camera_to_world": [
        [
          -0.9492781758308411,
          -0.2907174527645111,
          -0.1198096051812172,
          -1.6897960901260376
        ],
        [
          -0.31443753838539124,
          0.8776677250862122,
          0.3617021143436432,
          5.101446628570557
        ],
        [
          -8.742277657347586e-08,
          0.38102856278419495,
          -0.9245632290840149,
          -13.040040016174316
        ],
        [
          0.0,
          0.0,
          0.0,
          1.0
        ]
      ]
    },
    {
      "image_id": 17,
      "file_name": "0016.png",
      "camera_id": 1,
      "camera_center_world": [
        10.220623970031738,
        4.50127649307251,
        8.61395263671875
      ],
      "quaternion_wxyz_world_to_camera": [
        0.24102076888084412,
        0.49028775095939636,
        0.7516586184501648,
        -0.36950811743736267
      ],
      "translation_world_to_camera": [
        -2.046681260026162e-07,
        -5.324856147126411e-07,
        14.104001998901367
      ],
      "world_to_camera": [
        [
          -0.40305382013320923,
          0.9151763319969177,
          -1.4901162970204496e-08,
          -2.046681260026162e-07
        ],
        [
          0.5589397549629211,
          0.2461632490158081,
          -0.7918270826339722,
          -5.324856147126411e-07
        ],
        [
          -0.7246614098548889,
          -0.3191489279270172,
          -0.6107454895973206,
          14.104001998901367
        ],
        [
          0.0,
          0.0,
          0.0,
          1.0
        ]
      ],
      "blender_world_to_camera": [
        [
          -0.40305382013320923,
          0.9151763319969177,
          -1.4901162970204496e-08,
          -2.046681260026162e-07
        ],
        [
          -0.5589397549629211,
          -0.2461632490158081,
          0.7918270826339722,
          5.324856147126411e-07
        ],
        [
          0.7246614098548889,
          0.3191489279270172,
          0.6107454895973206,
          -14.104001998901367
        ],
        [
          -0.0,
          0.0,
          -0.0,
          1.0
        ]
      ],
      "camera_to_world": [
        [
          -0.40305379033088684,
          -0.5589396953582764,
          0.7246613502502441,
          10.220623970031738
        ],
        [
          0.915176272392273,
          -0.2461632341146469,
          0.3191488981246948,
          4.50127649307251
        ],
        [
          3.81273501659507e-09,
          0.7918270826339722,
          0.610745370388031,
          8.61395263671875
        ],
        [
          0.0,
          0.0,
          0.0,
          1.0
        ]
      ]
    },
    {
      "image_id": 18,
      "file_name": "0017.png",
      "camera_id": 1,
      "camera_center_world": [
        -13.542177200317383,
        3.901106357574463,
        0.5600115656852722
      ],
      "quaternion_wxyz_world_to_camera": [
        0.41667476296424866,
        0.4335610270500183,
        -0.5760882496833801,
        0.553650975227356
      ],
      "translation_world_to_camera": [
        -9.541058716422413e-07,
        3.2340672078134958e-06,
        14.10400104522705
      ],
      "world_to_camera": [
        [
          -0.2768141031265259,
          -0.9609234929084778,
          6.519258732851085e-08,
          -9.541058716422413e-07
        ],
        [
          -0.038154102861881256,
          0.010991018265485764,
          -0.9992114305496216,
          3.2340672078134958e-06
        ],
        [
          0.960165798664093,
          -0.2765958607196808,
          -0.03970564529299736,
          14.10400104522705
        ],
        [
          0.0,
          0.0,
          0.0,
          1.0
        ]
      ],
      "blender_world_to_camera": [
        [
          -0.2768141031265259,
          -0.9609234929084778,
          6.519258732851085e-08,
          -9.541058716422413e-07
        ],
        [
          0.038154102861881256,
          -0.010991018265485764,
          0.9992114305496216,
          -3.2340672078134958e-06
        ],
        [
          -0.960165798664093,
          0.2765958607196808,
          0.03970564529299736,
          -14.10400104522705
        ],
        [
          -0.0,
          0.0,
          -0.0,
          1.0
        ]
      ],
      "camera_to_world": [
        [
          -0.27681413292884827,
          0.03815409913659096,
          -0.9601656794548035,
          -13.542177200317383
        ],
        [
          -0.9609234929084778,
          -0.010991018265485764,
          0.276595801115036,
          3.901106357574463
        ],
        [
          6.710870792403512e-08,
          0.9992114305496216,
          0.03970563784241676,
          0.5600115656852722
        ],
        [
          0.0,
          0.0,
          0.0,
          1.0
        ]
      ]
    },
    {
      "image_id": 19,
      "file_name": "0018.png",
      "camera_id": 1,
      "camera_center_world": [
        9.719667434692383,
        3.300936222076416,
        -9.672367095947266
      ],
      "quaternion_wxyz_world_to_camera": [
        0.5347151756286621,
        0.2308509200811386,
        0.32220086455345154,
        -0.7463070154190063
      ],
      "translation_world_to_camera": [
        -1.0515815773715076e-07,
        -4.515095781698619e-07,
        14.104000091552734
      ],
      "world_to_camera": [
        [
          -0.3215751349925995,
          0.946884036064148,
          4.4703490686970326e-08,
          -1.0515815773715076e-07
        ],
        [
          -0.6493626832962036,
          -0.22053265571594238,
          -0.7278004884719849,
          -4.515095781698619e-07
        ],
        [
          -0.6891427040100098,
          -0.23404259979724884,
          0.6857889294624329,
          14.104000091552734
        ],
        [
