{
  "camera_model": "PINHOLE",
  "intrinsics": {
    "width": 512,
    "height": 512,
    "fx": 711.1111111111111,
    "fy": 711.1111111111111,
    "cx": 256.0,
    "cy": 256.0
  },
  "images": [
    {
      "image_id": 1,
      "file_name": "0000.png",
      "camera_id": 1,
      "camera_center_world": [
        0.0,
        13.948476791381836,
        0.0
      ],
      "quaternion_wxyz_world_to_camera": [
        3.0908619663705394e-08,
        3.0908619663705394e-08,
        -0.7071067690849304,
        0.7071067690849304
      ],
      "translation_world_to_camera": [
        1.2194145710964222e-06,
        -1.0530807230679784e-06,
        13.948476791381836
      ],
      "world_to_camera": [
        [
          -1.0,
          -8.742277657347586e-08,
          0.0,
          1.2194145710964222e-06
        ],
        [
          -6.6002361555513294e-15,
          7.549790126404332e-08,
          -1.0,
          -1.0530807230679784e-06
        ],
        [
          8.742277657347586e-08,
          -1.0,
          -7.549790126404332e-08,
          13.948476791381836
        ],
        [
          0.0,
          0.0,
          0.0,
          1.0
        ]
      ],
      "blender_world_to_camera": [
        [
          -1.0,
          -8.742277657347586e-08,
          0.0,
          1.2194145710964222e-06
        ],
        [
          6.6002361555513294e-15,
          -7.549790126404332e-08,
          1.0,
          1.0530807230679784e-06
        ],
        [
          -8.742277657347586e-08,
          1.0,
          7.549790126404332e-08,
          -13.948476791381836
        ],
        [
          -0.0,
          0.0,
          -0.0,
          1.0
        ]
      ],
      "camera_to_world": [
        [
          -1.0,
          6.6002361555513294e-15,
          -8.742277657347586e-08,
          0.0
        ],
        [
          -8.742277657347586e-08,
          -7.549790126404332e-08,
          1.0,
          13.948476791381836
        ],
        [
          0.0,
          1.0,
          7.549790126404332e-08,
          0.0
        ],
        [
          0.0,
          0.0,
          0.0,
          1.0
        ]
      ]
    },
    {
      "image_id": 2,
      "file_name": "0001.png",
      "camera_id": 1,
      "camera_center_world": [
        -8.228137969970703,
        8.369086265563965,
        7.537648677825928
      ],
      "quaternion_wxyz_world_to_camera": [
        0.18156811594963074,
        0.3324004113674164,
        -0.812222957611084,
        0.44366297125816345
      ],
      "translation_world_to_camera": [
        1.7425151099814684e-06,
        -1.6944024991971673e-06,
        13.948476791381836
      ],
      "world_to_camera": [
        [
          -0.7130860090255737,
          -0.7010766863822937,
          -5.960463766996327e-08,
          1.7425151099814684e-06
        ],
        [
          -0.3788563311100006,
          0.38534611463546753,
          -0.8414130210876465,
          -1.6944024991971673e-06
        ],
        [
          0.5898951292037964,
          -0.5999999046325684,
          -0.5403923392295837,
          13.948476791381836
        ],
        [
          0.0,
          0.0,
          0.0,
          1.0
        ]
      ],
      "blender_world_to_camera": [
        [
          -0.7130860090255737,
          -0.7010766863822937,
          -5.960463766996327e-08,
          1.7425151099814684e-06
        ],
        [
          0.3788563311100006,
          -0.38534611463546753,
          0.8414130210876465,
          1.6944024991971673e-06
        ],
        [
          -0.5898951292037964,
          0.5999999046325684,
          0.5403923392295837,
          -13.948476791381836
        ],
        [
          0.0,
          0.0,
          -0.0,
          1.0
        ]
      ],
      "camera_to_world": [
        [
          -0.7130858898162842,
          0.37885645031929016,
          -0.5898951292037964,
          -8.228137969970703
        ],
        [
          -0.7010765671730042,
          -0.38534626364707947,
          0.5999999046325684,
          8.369086265563965
        ],
        [
          -3.4199061360595806e-08,
          0.8414133191108704,
          0.5403923392295837,
          7.537648677825928
        ],
        [
          0.0,
          0.0,
          0.0,
          1.0
        ]
      ]
    },
    {
      "image_id": 3,
      "file_name": "0002.png",
      "camera_id": 1,
      "camera_center_world": [
        1.1948176622390747,
        2.7896952629089355,
        -13.614331245422363
      ],
      "quaternion_wxyz_world_to_camera": [
        0.1997450739145279,
        0.021992839872837067,
        0.10721083730459213,
        -0.973716676235199
      ],
      "translation_world_to_camera": [
        1.4278405160439434e-06,
        7.794145062689495e-08,
        13.948476791381836
      ],
      "world_to_camera": [
        [
          -0.919236421585083,
          0.39370596408843994,
          8.940696716308594e-08,
          1.4278405160439434e-06
        ],
        [
          -0.38427451252937317,
          -0.8972154855728149,
          -0.21757186949253082,
          7.794145062689495e-08
        ],
        [
          -0.08565926551818848,
          -0.20000001788139343,
          0.9760443568229675,
          13.948476791381836
        ],
        [
          0.0,
          0.0,
          0.0,
          1.0
        ]
      ],
      "blender_world_to_camera": [
        [
          -0.919236421585083,
          0.39370596408843994,
          8.940696716308594e-08,
          1.4278405160439434e-06
        ],
        [
          0.38427451252937317,
          0.8972154855728149,
          0.21757186949253082,
          -7.794145062689495e-08
        ],
        [
          0.08565926551818848,
          0.20000001788139343,
          -0.9760443568229675,
          -13.948476791381836
        ],
        [
          -0.0,
          -0.0,
          -0.0,
          1.0
        ]
      ],
      "camera_to_world": [
        [
          -0.919236421585083,
          0.38427451252937317,
          0.08565926551818848,
          1.1948176622390747
        ],
        [
          0.39370599389076233,
          0.8972154855728149,
          0.20000001788139343,
          2.7896952629089355
        ],
        [
          8.742277657347586e-08,
          0.21757186949253082,
          -0.9760442972183228,
          -13.614331245422363
        ],
        [
          0.0,
          0.0,
          0.0,
          1.0
        ]
      ]
    },
    {
      "image_id": 4,
      "file_name": "0003.png",
      "camera_id": 1,
      "camera_center_world": [
        8.315327644348145,
        -2.7896952629089355,
        10.845871925354004
      ],
      "quaternion_wxyz_world_to_camera": [
        0.2707313001155853,
        0.7653348445892334,
        0.5504961013793945,
        -0.19473369419574738
      ],
      "translation_world_to_camera": [
        1.0371312555434997e-06,
        7.524831175942381e-07,
        13.948474884033203
      ],
      "world_to_camera": [
        [
          0.31806573271751404,
          0.9480686187744141,
          5.960463766996327e-08,
          1.0371312555434997e-06
        ],
        [
          0.7371866106987,
          -0.24731726944446564,
          -0.6288003921508789,
          7.524831175942381e-07
        ],
        [
          -0.5961459279060364,
          0.19999989867210388,
          -0.77756667137146,
          13.948474884033203
        ],
        [
          0.0,
          0.0,
          0.0,
          1.0
        ]
      ],
      "blender_world_to_camera": [
        [
          0.31806573271751404,
          0.9480686187744141,
          5.960463766996327e-08,
          1.0371312555434997e-06
        ],
        [
          -0.7371866106987,
          0.24731726944446564,
          0.6288003921508789,
          -7.524831175942381e-07
        ],
        [
          0.5961459279060364,
          -0.19999989867210388,
          0.77756667137146,
          -13.948474884033203
        ],
        [
          -0.0,
          0.0,
          -0.0,
          1.0
        ]
      ],
      "camera_to_world": [
        [
          0.31806573271751404,
          -0.7371866703033447,
          0.5961459875106812,
          8.315327644348145
        ],
        [
          0.9480686783790588,
          0.24731729924678802,
          -0.19999992847442627,
          -2.7896952629089355
        ],
        [
          5.462383612098165e-08,
          0.6288004517555237,
          0.7775667309761047,
          10.845871925354004
        ],
        [
          0.0,
          0.0,
          0.0,
          1.0
        ]
      ]
    },
    {
      "image_id": 5,
      "file_name": "0004.png",
      "camera_id": 1,
      "camera_center_world": [
        -10.988203048706055,
        -8.369086265563965,
        -1.9436583518981934
      ],
      "quaternion_wxyz_world_to_camera": [
        0.6763297915458679,
        0.5878211259841919,
        -0.29119327664375305,
        0.3350384533405304
      ],
      "translation_world_to_camera": [
        9.575850299370359e-07,
        -7.223029285796656e-08,
        13.948478698730469
      ],
      "world_to_camera": [
        [
          0.6059114336967468,
          -0.7955321669578552,
          -1.4901162970204496e-08,
          9.575850299370359e-07
        ],
        [
          0.11085385829210281,
          0.08443108201026917,
          -0.9902439117431641,
          -7.223029285796656e-08
        ],
        [
          0.7877708673477173,
          0.6000000834465027,
          0.13934555649757385,
          13.948478698730469
        ],
        [
          0.0,
          0.0,
          0.0,
          1.0
        ]
      ],
      "blender_world_to_camera": [
        [
          0.6059114336967468,
          -0.7955321669578552,
          -1.4901162970204496e-08,
          9.575850299370359e-07
        ],
        [
          -0.11085385829210281,
          -0.08443108201026917,
          0.9902439117431641,
          7.223029285796656e-08
        ],
        [
          -0.7877708673477173,
          -0.6000000834465027,
          -0.13934555649757385,
          -13.948478698730469
        ],
        [
          -0.0,
          0.0,
          -0.0,
          1.0
        ]
      ],
      "camera_to_world": [
        [
          0.6059114336967468,
          -0.11085384339094162,
          -0.7877707481384277,
          -10.988203048706055
        ],
        [
          -0.7955321073532104,
          -0.08443106710910797,
          -0.6000000238418579,
          -8.369086265563965
        ],
        [
          -1.44027900716992e-08,
          0.9902437925338745,
          -0.13934554159641266,
          -1.9436583518981934
        ],
        [
          0.0,
          0.0,
          0.0,
          1.0
        ]
      ]
    },
    {
      "image_id": 6,
      "file_name": "0005.png",
      "camera_id": 1,
      "camera_center_world": [
        0.0,
        -13.948476791381836,
        0.0
      ],
      "quaternion_wxyz_world_to_camera": [
        0.7071067690849304,
        0.7071067690849304,
        0.0,
        0.0
      ],
      "translation_world_to_camera": [
        0.0,
        -1.0530807230679784e-06,
        13.948476791381836
      ],
      "world_to_camera": [
        [
          1.0,
          0.0,
          0.0,
          0.0
        ],
        [
          0.0,
          -7.549790126404332e-08,
          -1.0,
          -1.0530807230679784e-06
        ],
        [
          0.0,
          1.0,
          -7.549790126404332e-08,
          13.948476791381836
        ],
        [
          0.0,
          0.0,
          0.0,
          1.0
        ]
      ],
      "blender_world_to_camera": [
        [
          1.0,
          -0.0,
          0.0,
          -0.0
        ],
        [
          -0.0,
          7.549790126404332e-08,
          1.0,
          1.0530807230679784e-06
        ],
        [
          0.0,
          -1.0,
          7.549790126404332e-08,
          -13.948476791381836
        ],
        [
          -0.0,
          0.0,
          -0.0,
          1.0
        ]
      ],
      "camera_to_world": [
        [
          1.0,
          0.0,
          0.0,
          0.0
        ],
        [
          0.0,
          7.549790126404332e-08,
          -1.0,
          -13.948476791381836
        ],
        [
          0.0,
          1.0,
          7.549790126404332e-08,
          0.0
        ],
        [
          0.0,
          0.0,
          0.0,
          1.0
        ]
      ]
    }
  ]
}